1.832
1.833
1.757
1.829
1.841
1.871
1.867
1.842
1.8
1.899
1.921
1.851
1.839
1.826
1.827
1.83
1.849
1.85
1.891
1.881
1.832
1.838
1.791
1.908
1.792
1.834
1.85
1.922
1.898
1.9
1.913
1.888
1.837
1.831
1.883
1.813
1.843
1.89
1.898
1.842
1.844
1.868
1.845
1.894
1.844
1.896
1.894
1.912
1.879
1.879
1.913
1.785
1.759
1.736
1.771
1.814
1.833
1.954
1.827
1.836
1.898
1.825
1.842
1.912
1.805
1.858
1.877
1.866
1.873
1.971
1.755
1.972
1.751
1.880
1.904
1.827
1.871
1.792
1.847
1.826
1.778
1.887
1.868
1.816
1.822
1.964
1.882
1.925
1.868
1.921
1.809
1.911
1.835
1.850
1.896
1.866
1.847
1.907
1.902
1.885