1.968
1.950
1.973
1.973
2.037
1.962
2.008
1.938
1.972
1.923
1.855
1.923
2.008
1.897
1.897
2.073
1.923
1.914
1.921
1.949
1.962
1.838
1.892
1.890
1.930
1.925
1.963
1.983
1.910
1.916
1.960
2.013
1.887
1.821
1.895
1.938
1.971
1.961
1.938
1.979
2.016
1.970
1.785
1.947
1.974
1.915
1.961
1.926
1.958
1.928
1.964
1.917
1.985
1.921
2.021
2.012
1.895
1.990
2.019
2.062
1.932
1.892
1.979
1.967
2.075
1.933
1.968
1.983
1.980
2.002
1.968
1.984
2.067
1.960
1.933
1.941
2.021
2.065
2.029
2.066
2.011
1.972
1.953
1.923
1.888
2.004
1.942
1.991
2.030
2.089
2.021
1.862
2.038
1.964
2.001
1.994
1.933
1.985
2.008
1.957