0.973	23.14	-0.36
0.973	23.14	-0.36
0.973	23.14	-0.36
0.974	23.14	-0.36
0.977	23.14	-0.36
0.979	23.05	-0.36
0.983	23.03	-0.36
0.985	22.99	-0.36
0.987	22.99	-0.36
0.990	22.81	-0.36
0.992	22.65	-0.36
0.996	22.50	-0.36
0.998	22.48	-0.36
1.001	22.52	-0.36
1.003	22.45	-0.36
1.006	22.45	-0.36
1.008	22.38	-0.36
1.010	22.38	-0.36
1.012	22.21	-0.36
1.014	22.16	-0.36
1.017	22.11	-0.35
1.020	22.01	-0.35
1.022	21.93	-0.36
1.024	21.94	-0.36
1.026	21.91	-0.36
1.029	21.85	-0.36
1.031	21.80	-0.36
1.034	21.76	-0.36
1.036	21.68	-0.35
1.038	21.62	-0.35
1.042	21.56	-0.36
1.044	21.51	-0.35
1.046	21.49	-0.35
1.048	21.45	-0.36
1.051	21.38	-0.36
1.054	21.36	-0.35
1.057	21.32	-0.35
1.059	21.21	-0.35
1.062	21.17	-0.35
1.065	21.13	-0.35
1.068	21.07	-0.35
1.072	21.02	-0.36
1.075	20.95	-0.35
1.079	20.92	-0.35
1.082	20.86	-0.35
1.085	20.79	-0.35
1.088	20.72	-0.36
1.091	20.65	-0.35
1.093	20.64	-0.35
1.096	20.58	-0.36
1.099	20.52	-0.35
1.103	20.46	-0.35
1.106	20.41	-0.35
1.109	20.34	-0.36
1.112	20.27	-0.35
1.115	20.23	-0.36
1.118	20.18	-0.35
1.121	20.11	-0.35
1.124	20.06	-0.35
1.129	19.98	-0.35
1.133	19.94	-0.36
1.135	19.87	-0.36
1.140	19.76	-0.35
1.143	19.71	-0.35
1.146	19.67	-0.35
1.149	19.63	-0.35
1.151	19.60	-0.35
1.155	19.53	-0.36
1.159	19.48	-0.35
1.162	19.42	-0.35
1.165	19.37	-0.36
1.169	19.29	-0.35
1.173	19.23	-0.35
1.176	19.17	-0.35
1.179	19.13	-0.35
1.182	19.09	-0.36
1.185	19.03	-0.35
1.189	18.99	-0.35
1.192	18.92	-0.36
1.195	18.86	-0.36
1.199	18.79	-0.35
1.204	18.74	-0.36
1.207	18.69	-0.36
1.210	18.67	-0.36
1.214	18.62	-0.36
1.218	18.58	-0.36
1.222	18.52	-0.36
1.225	18.46	-0.36
1.229	18.34	-0.36
1.233	18.30	-0.36
1.237	18.26	-0.36
1.240	18.26	-0.36
1.244	18.22	-0.36
1.249	18.18	-0.36
1.253	18.12	-0.36
1.257	18.08	-0.36
1.261	18.01	-0.36
1.266	17.91	-0.36
1.270	17.80	-0.36
1.274	17.70	-0.36
1.277	17.64	-0.36
1.281	17.59	-0.36
1.285	17.53	-0.36
1.289	17.49	-0.36
1.293	17.45	-0.36
1.297	17.40	-0.36
1.301	17.36	-0.36
1.305	17.30	-0.36
1.309	17.25	-0.36
1.312	17.20	-0.36
1.316	17.14	-0.36
1.321	17.09	-0.36
1.325	17.03	-0.36
1.329	16.96	-0.36
1.334	16.93	-0.36
1.339	16.87	-0.36
1.343	16.81	-0.36
1.346	16.76	-0.36
1.350	16.71	-0.36
1.355	16.64	-0.36
1.360	16.59	-0.36
1.364	16.54	-0.36
1.369	16.48	-0.36
1.374	16.42	-0.36
1.379	16.37	-0.36
1.383	16.31	-0.36
1.387	16.26	-0.36
1.392	16.20	-0.36
1.397	16.13	-0.36
1.402	16.08	-0.36
1.407	16.02	-0.36
1.412	15.97	-0.36
1.417	15.93	-0.36
1.422	15.86	-0.36
1.426	15.82	-0.36
1.430	15.78	-0.36
1.434	15.71	-0.36
1.439	15.65	-0.36
1.445	15.60	-0.36
1.450	15.54	-0.36
1.455	15.49	-0.36
1.462	15.42	-0.36
1.468	15.36	-0.36
1.473	15.30	-0.36
1.478	15.24	-0.36
1.484	15.18	-0.36
1.489	15.13	-0.36
1.494	15.08	-0.36
1.500	15.02	-0.36
1.505	14.98	-0.36
1.510	14.92	-0.36
1.515	14.86	-0.36
1.521	14.80	-0.36
1.527	14.74	-0.36
1.532	14.69	-0.36
1.539	14.63	-0.36
1.545	14.57	-0.36
1.551	14.52	-0.36
1.556	14.46	-0.36
1.562	14.42	-0.36
1.566	14.37	-0.36
1.572	14.30	-0.36
1.579	14.24	-0.36
1.586	14.18	-0.36
1.593	14.12	-0.36
1.599	14.08	-0.36
1.605	14.03	-0.36
1.609	13.98	-0.36
1.612	13.93	-0.36
1.617	13.89	-0.36
1.622	13.84	-0.36
1.629	13.79	-0.36
1.636	13.72	-0.36
1.644	13.66	-0.36
1.652	13.60	-0.36
1.659	13.54	-0.36
1.663	13.49	-0.36
1.667	13.45	-0.36
1.672	13.41	-0.36
1.676	13.37	-0.36
1.682	13.33	-0.36
1.689	13.28	-0.36
1.695	13.24	-0.36
1.701	13.18	-0.36
1.707	13.14	-0.36
1.714	13.09	-0.36
1.721	13.03	-0.36
1.727	12.97	-0.36
1.733	12.92	-0.36
1.740	12.87	-0.36
1.750	12.79	-0.36
1.758	12.74	-0.36
1.766	12.68	-0.36
1.774	12.63	-0.36
1.781	12.58	-0.36
1.787	12.53	-0.36
1.792	12.48	-0.36
1.798	12.42	-0.36
1.807	12.38	-0.36
1.816	12.30	-0.36
1.826	12.24	-0.36
1.834	12.20	-0.36
1.842	12.15	-0.36
1.849	12.10	-0.36
1.855	12.04	-0.36
1.861	11.99	-0.36
1.867	11.94	-0.36
1.873	11.90	-0.36
1.880	11.86	-0.36
1.890	11.80	-0.36
1.899	11.69	-0.36
1.907	11.70	-0.36
1.916	11.64	-0.36
1.925	11.58	-0.36
1.932	11.53	-0.36
1.941	11.47	-0.36
1.950	11.42	-0.36
1.962	11.34	-0.36
1.970	11.30	-0.36
1.978	11.25	-0.36
1.987	11.20	-0.36
1.997	11.15	-0.36
2.005	11.08	-0.36
2.013	11.03	-0.36
2.020	10.98	-0.36
2.029	10.94	-0.36
2.042	10.87	-0.36
2.052	10.82	-0.36
2.062	10.77	-0.36
2.072	10.71	-0.36
2.085	10.64	-0.36
2.094	10.58	-0.36
2.104	10.52	-0.36
2.114	10.48	-0.36
2.125	10.42	-0.36
2.137	10.36	-0.36
2.149	10.30	-0.36
2.163	10.24	-0.36
2.176	10.17	-0.36
2.185	10.10	-0.36
2.194	10.06	-0.36
2.202	10.02	-0.36
2.211	9.98	-0.36
2.223	9.92	-0.36
2.233	9.88	-0.36
2.243	9.83	-0.36
2.252	9.79	-0.36
2.263	9.74	-0.36
2.274	9.68	-0.36
2.281	9.62	-0.36
2.290	9.57	-0.36
2.300	9.51	-0.36
2.310	9.44	-0.36
2.320	9.38	-0.36
2.332	9.32	-0.36
2.343	9.28	-0.36
2.355	9.24	-0.36
2.365	9.22	-0.36
2.377	9.18	-0.36
2.390	9.14	-0.36
2.398	9.11	-0.36
2.408	9.04	-0.36
2.419	9.04	-0.36
2.433	8.92	-0.36
2.447	8.87	-0.36
2.458	8.77	-0.36
2.473	8.77	-0.36
2.487	8.73	-0.36
2.504	8.72	-0.36
2.518	8.66	-0.36
2.530	8.53	-0.36
2.542	8.52	-0.36
2.555	8.46	-0.36
2.568	8.47	-0.36
2.579	8.39	-0.36
2.591	8.38	-0.36
2.604	8.35	-0.36
2.617	8.34	-0.36
2.632	8.27	-0.36
2.644	8.18	-0.36
2.656	8.17	-0.36
2.669	8.14	-0.36
2.683	8.06	-0.36
2.698	8.06	-0.36
2.716	7.95	-0.36
2.730	7.94	-0.36
2.747	7.86	-0.36
2.768	7.81	-0.36
2.782	7.78	-0.36
2.792	7.68	-0.36
2.804	7.69	-0.36
2.817	7.62	-0.36
2.831	7.59	-0.36
2.849	7.53	-0.36
2.868	7.44	-0.36
2.884	7.41	-0.36
2.902	7.42	-0.36
2.919	7.37	-0.36
2.936	7.34	-0.36
2.949	7.25	-0.36
2.962	7.20	-0.36
2.976	7.23	-0.36
2.992	7.15	-0.36
3.014	7.09	-0.36
3.036	7.09	-0.36
3.056	7.01	-0.36
3.077	6.97	-0.36
3.096	6.93	-0.36
3.112	6.83	-0.36
3.124	6.76	-0.36
3.138	6.75	-0.36
3.154	6.74	-0.36
3.172	6.67	-0.37
3.191	6.61	-0.36
3.216	6.54	-0.36
3.237	6.49	-0.36
3.258	6.45	-0.36
3.279	6.42	-0.36
3.301	6.39	-0.36
3.320	6.30	-0.36
3.334	6.33	-0.36
3.352	6.22	-0.36
3.373	6.20	-0.36
3.396	6.17	-0.36
3.422	6.06	-0.36
3.447	6.04	-0.36
3.472	5.99	-0.36
3.497	5.94	-0.36
3.526	5.90	-0.36
3.551	5.82	-0.36
3.571	5.73	-0.36
3.594	5.76	-0.36
3.621	5.70	-0.36
3.649	5.55	-0.36
3.682	5.48	-0.37
3.710	5.46	-0.36
3.736	5.46	-0.37
3.762	5.40	-0.37
3.783	5.37	-0.36
3.801	5.35	-0.36
3.813	5.32	-0.36
3.817	5.32	-0.36
3.832	5.27	-0.36
3.858	5.26	-0.36
3.892	5.19	-0.36
3.929	5.11	-0.37
3.961	5.06	-0.37
3.992	5.04	-0.37
4.024	5.00	-0.36
4.059	4.95	-0.36
4.091	4.86	-0.37
4.117	4.82	-0.36
4.147	4.74	-0.36
4.182	4.86	-0.37
4.224	4.81	-0.36
4.267	4.72	-0.36
4.302	4.74	-0.36
4.338	4.77	-0.36
4.377	4.71	-0.37
4.413	4.73	-0.36
4.446	4.72	-0.37
4.469	4.66	-0.37
4.512	4.66	-0.36
