1.064	22.57	15.00
1.066	22.49	15.00
1.068	22.50	15.00
1.070	22.45	15.00
1.072	22.41	15.00
1.073	22.41	15.00
1.075	22.30	15.00
1.077	22.23	15.00
1.079	22.16	15.00
1.081	22.11	15.00
1.084	22.00	15.00
1.086	21.97	15.00
1.088	21.96	15.00
1.090	21.93	15.00
1.092	21.91	15.00
1.094	21.87	15.00
1.095	21.85	15.00
1.097	21.80	15.00
1.098	21.78	15.00
1.099	21.73	15.00
1.101	21.70	15.00
1.102	21.66	15.00
1.104	21.63	15.00
1.107	21.56	15.00
1.109	21.53	15.00
1.110	21.52	15.00
1.112	21.50	15.00
1.114	21.46	15.00
1.115	21.43	15.00
1.117	21.41	15.00
1.119	21.39	15.00
1.120	21.37	15.00
1.122	21.32	15.00
1.123	21.27	15.01
1.126	21.22	15.01
1.127	21.20	15.01
1.129	21.18	15.01
1.131	21.13	15.01
1.133	21.08	15.01
1.134	21.07	15.01
1.136	21.06	15.01
1.137	21.06	15.01
1.138	21.02	15.01
1.139	21.01	15.01
1.140	20.97	15.01
1.142	20.96	15.01
1.143	20.93	15.01
1.145	20.92	15.01
1.147	20.88	15.01
1.149	20.83	15.01
1.151	20.82	15.01
1.153	20.77	15.01
1.154	20.74	15.01
1.156	20.72	15.01
1.157	20.66	15.01
1.159	20.64	15.01
1.160	20.64	15.01
1.161	20.62	15.01
1.163	20.57	15.01
1.165	20.54	15.01
1.167	20.50	15.02
1.169	20.48	15.02
1.171	20.44	15.02
1.173	20.41	15.02
1.175	20.37	15.02
1.177	20.34	15.02
1.178	20.32	15.02
1.180	20.26	15.02
1.182	20.22	15.02
1.184	20.19	15.02
1.186	20.15	15.02
1.188	20.12	15.02
1.189	20.07	15.02
1.191	20.04	15.02
1.193	20.00	15.02
1.195	20.03	15.02
1.197	19.99	15.02
1.198	19.96	15.02
1.201	19.93	15.02
1.203	19.89	15.02
1.205	19.84	15.02
1.207	19.80	15.03
1.208	19.76	15.03
1.211	19.73	15.03
1.213	19.69	15.03
1.215	19.66	15.03
1.216	19.61	15.03
1.218	19.61	15.03
1.220	19.59	15.03
1.222	19.57	15.03
1.224	19.53	15.03
1.227	19.49	15.03
1.228	19.48	15.03
1.230	19.45	15.03
1.232	19.41	15.03
1.234	19.35	15.03
1.236	19.35	15.03
1.238	19.31	15.03
1.239	19.31	15.03
1.241	19.27	15.03
1.243	19.22	15.03
1.244	19.19	15.03
1.246	19.17	15.03
1.247	19.11	15.03
1.250	19.07	15.03
1.252	19.06	15.03
1.254	19.05	15.03
1.257	19.02	15.04
1.259	18.98	15.04
1.262	18.94	15.04
1.264	18.89	15.04
1.266	18.84	15.04
1.269	18.81	15.04
1.270	18.79	15.04
1.273	18.77	15.04
1.276	18.72	15.04
1.277	18.69	15.04
1.279	18.66	15.04
1.281	18.64	15.04
1.283	18.63	15.04
1.285	18.61	15.04
1.288	18.60	15.04
1.290	18.57	15.04
1.293	18.52	15.04
1.296	18.49	15.04
1.299	18.41	15.04
1.302	18.33	15.04
1.304	18.30	15.04
1.306	18.30	15.04
1.308	18.27	15.04
1.310	18.26	15.04
1.312	18.26	15.04
1.316	18.23	15.04
1.321	18.16	15.04
1.324	18.14	15.04
1.327	18.10	15.04
1.330	18.06	15.04
1.332	18.02	15.04
1.334	17.99	15.04
1.336	17.94	15.04
1.338	17.89	15.04
1.341	17.83	15.04
1.343	17.78	15.04
1.345	17.72	15.04
1.346	17.68	15.04
1.348	17.65	15.04
1.351	17.62	15.04
1.354	17.58	15.04
1.356	17.54	15.04
1.359	17.51	15.04
1.362	17.48	15.04
1.365	17.46	15.04
1.368	17.43	15.04
1.369	17.41	15.04
1.371	17.39	15.04
1.374	17.36	15.04
1.378	17.31	15.04
1.381	17.27	15.04
1.385	17.22	15.04
1.388	17.17	15.04
1.392	17.13	15.04
1.396	17.08	15.04
1.399	17.05	15.04
1.402	17.01	15.04
1.404	16.97	15.04
1.407	16.95	15.04
1.410	16.91	15.04
1.413	16.88	15.04
1.416	16.84	15.04
1.418	16.80	15.04
1.422	16.75	15.04
1.426	16.71	15.04
1.430	16.66	15.04
1.433	16.62	15.04
1.436	16.58	15.04
1.440	16.54	15.04
1.444	16.50	15.04
1.447	16.45	15.04
1.451	16.42	15.04
1.454	16.40	15.04
1.456	16.36	15.04
1.458	16.32	15.04
1.461	16.29	15.04
1.464	16.25	15.04
1.466	16.22	15.04
1.469	16.19	15.04
1.473	16.14	15.04
1.477	16.10	15.04
1.480	16.07	15.04
1.483	16.04	15.04
1.486	16.00	15.04
1.488	15.98	15.04
1.491	15.95	15.04
1.495	15.92	15.04
1.499	15.88	15.04
1.502	15.83	15.04
1.504	15.81	15.04
1.507	15.78	15.04
1.510	15.73	15.04
1.513	15.69	15.04
1.517	15.66	15.05
1.520	15.63	15.04
1.523	15.60	15.04
1.527	15.56	15.04
1.531	15.52	15.04
1.534	15.49	15.04
1.537	15.46	15.05
1.540	15.42	15.05
1.543	15.39	15.05
1.546	15.36	15.05
1.549	15.32	15.05
1.551	15.30	15.05
1.554	15.27	15.05
1.556	15.24	15.05
1.559	15.21	15.05
1.562	15.19	15.05
1.565	15.15	15.05
1.570	15.11	15.05
1.572	15.08	15.05
1.576	15.05	15.05
1.579	15.02	15.05
1.583	14.98	15.05
1.588	14.94	15.05
1.591	14.89	15.05
1.594	14.87	15.05
1.597	14.83	15.05
1.601	14.80	15.05
1.605	14.76	15.05
1.610	14.72	15.05
1.614	14.68	15.05
1.618	14.64	15.05
1.622	14.60	15.05
1.626	14.57	15.05
1.630	14.54	15.05
1.633	14.50	15.05
1.636	14.47	15.05
1.641	14.43	15.05
1.644	14.40	15.05
1.648	14.37	15.05
1.650	14.32	15.05
1.654	14.31	15.05
1.656	14.27	15.05
1.659	14.24	15.05
1.663	14.21	15.05
1.666	14.19	15.05
1.670	14.15	15.05
1.674	14.12	15.05
1.678	14.08	15.05
1.681	14.06	15.05
1.685	14.03	15.05
1.688	14.00	15.05
1.693	13.96	15.05
1.697	13.91	15.05
1.702	13.87	15.05
1.706	13.84	15.05
1.711	13.79	15.05
1.718	13.73	15.05
1.723	13.70	15.05
1.727	13.66	15.05
1.730	13.63	15.05
1.733	13.60	15.05
1.737	13.57	15.05
1.741	13.53	15.05
1.747	13.49	15.05
1.752	13.45	15.05
1.756	13.41	15.05
1.761	13.37	15.05
1.766	13.33	15.05
1.773	13.28	15.05
1.781	13.23	15.05
1.788	13.18	15.05
1.792	13.15	15.05
1.797	13.11	15.05
1.803	13.07	15.05
1.808	13.02	15.05
1.812	12.98	15.05
1.817	12.95	15.05
1.823	12.90	15.05
1.828	12.86	15.05
1.832	12.83	15.05
1.834	12.81	15.05
1.841	12.77	15.05
1.848	12.71	15.05
1.855	12.67	15.05
1.860	12.62	15.05
1.865	12.59	15.05
1.872	12.55	15.05
1.878	12.50	15.05
1.884	12.44	15.05
1.890	12.41	15.05
1.897	12.36	15.05
1.904	12.30	15.05
1.911	12.26	15.05
1.918	12.22	15.05
1.924	12.19	15.05
1.929	12.15	15.05
1.935	12.11	15.05
1.940	12.07	15.05
1.945	12.03	15.05
1.951	11.99	15.05
1.956	11.95	15.05
1.960	11.87	15.05
1.965	11.89	15.05
1.972	11.85	15.05
1.979	11.81	15.05
1.985	11.76	15.05
1.992	11.73	15.05
1.999	11.69	15.05
2.006	11.64	15.05
2.013	11.60	15.05
2.018	11.56	15.05
2.022	11.52	15.05
2.028	11.49	15.05
2.035	11.45	15.05
2.041	11.41	15.05
2.049	11.38	15.05
2.055	11.33	15.05
2.062	11.30	15.05
2.070	11.25	15.05
2.079	11.20	15.05
2.088	11.15	15.05
2.095	11.11	15.05
2.100	11.06	15.05
2.106	11.02	15.05
2.113	10.99	15.05
2.121	10.95	15.05
2.131	10.89	15.05
2.140	10.84	15.05
2.148	10.81	15.05
2.155	10.77	15.05
2.163	10.72	15.05
2.173	10.68	15.05
2.181	10.62	15.05
2.188	10.58	15.05
2.195	10.54	15.05
2.201	10.51	15.05
2.209	10.47	15.05
2.218	10.43	15.05
2.228	10.38	15.05
2.235	10.35	15.05
2.243	10.31	15.05
2.251	10.26	15.05
2.260	10.22	15.05
2.267	10.18	15.05
2.271	10.15	15.05
2.274	10.13	15.05
2.282	10.08	15.05
2.290	10.06	15.05
2.299	10.02	15.05
2.309	9.97	15.05
2.320	9.92	15.05
2.329	9.89	15.05
2.336	9.86	15.05
2.344	9.82	15.05
2.350	9.79	15.05
2.357	9.76	15.05
2.367	9.70	15.05
2.376	9.65	15.05
2.382	9.60	15.05
2.390	9.57	15.05
2.397	9.52	15.05
2.405	9.48	15.05
2.416	9.40	15.05
2.430	9.33	15.05
2.438	9.31	15.05
2.446	9.27	15.05
2.454	9.24	15.05
2.463	9.23	15.05
2.471	9.20	15.05
2.479	9.17	15.05
2.487	9.15	15.05
2.494	9.14	15.05
2.502	9.13	15.05
2.512	9.05	15.05
2.522	9.04	15.05
2.534	8.94	15.05
2.545	8.89	15.05
2.554	8.83	15.05
2.562	8.80	15.05
2.570	8.78	15.05
2.579	8.74	15.05
2.589	8.72	15.05
2.600	8.71	15.05
2.611	8.68	15.05
2.621	8.63	15.05
2.634	8.52	15.05
2.645	8.50	15.05
2.654	8.49	15.05
2.661	8.46	15.05
2.669	8.43	15.05
2.679	8.43	15.05
2.693	8.39	15.05
2.708	8.38	15.05
2.719	8.31	15.05
2.724	8.28	15.05
2.727	8.28	15.05
2.736	8.25	15.05
2.749	8.21	15.05
2.763	8.16	15.05
2.780	8.13	15.05
2.798	8.07	15.05
2.813	7.98	15.05
2.826	7.97	15.05
2.840	7.91	15.05
2.851	7.90	15.05
2.864	7.84	15.05
2.877	7.76	15.05
2.891	7.75	15.05
2.905	7.71	15.05
2.917	7.69	15.05
2.932	7.63	15.05
2.949	7.60	15.05
2.958	7.55	15.05
2.961	7.55	15.05
2.967	7.49	15.05
2.979	7.44	15.05
2.993	7.42	15.05
3.006	7.41	15.05
3.020	7.38	15.05
3.033	7.36	15.05
3.041	7.33	15.05
3.056	7.29	15.05
3.071	7.22	15.05
3.088	7.18	15.05
3.108	7.15	15.05
3.131	7.08	15.05
3.144	7.07	15.05
3.156	7.00	15.05
3.168	6.96	15.05
3.181	6.94	15.05
3.197	6.92	15.05
3.216	6.87	15.05
3.237	6.78	15.05
3.252	6.72	15.05
3.264	6.72	15.05
3.278	6.71	15.05
3.294	6.63	15.05
3.313	6.61	15.05
3.333	6.51	15.05
3.347	6.49	15.05
3.361	6.48	15.05
3.376	6.46	15.05
3.392	6.42	15.05
3.409	6.40	15.05
3.429	6.35	15.05
3.442	6.29	15.05
3.455	6.29	15.05
3.471	6.22	15.05
3.494	6.19	15.05
3.518	6.13	15.05
3.545	6.10	15.05
3.562	6.06	15.05
3.579	6.00	15.05
3.593	5.97	15.05
3.607	5.97	15.05
3.624	5.91	15.05
3.642	5.90	15.05
3.654	5.85	15.05
3.668	5.85	15.05
3.689	5.78	15.05
3.713	5.75	15.05
3.738	5.70	15.05
3.759	5.64	15.05
3.761	5.63	15.05
3.765	5.64	15.05
3.788	5.60	15.05
3.812	5.54	15.05
3.832	5.47	15.05
3.854	5.45	15.05
3.873	5.43	15.05
3.888	5.39	15.05
3.905	5.38	15.05
3.922	5.36	15.04
3.937	5.31	15.05
3.960	5.29	15.05
3.984	5.26	15.05
4.012	5.20	15.05
4.039	5.15	15.05
4.063	5.10	15.05
4.084	5.07	15.05
4.107	5.04	15.05
4.130	5.02	15.05
4.152	4.96	15.05
4.176	4.95	15.05
4.199	4.88	15.04
4.222	4.85	15.05
4.248	4.84	15.05
4.274	4.80	15.04
4.295	4.81	15.05
4.314	4.83	15.05
4.334	4.80	15.05
4.349	4.75	15.05
4.361	4.72	15.04
4.373	4.73	15.05
4.395	4.74	15.05
4.422	4.73	15.05
4.446	4.70	15.05
4.472	4.72	15.05
4.498	4.72	15.04
4.519	4.73	15.04
4.539	4.71	15.04
4.558	4.73	15.05
4.577	4.70	15.05
4.597	4.73	15.05
4.616	4.71	15.05
4.635	4.72	15.04
4.657	4.70	15.04
4.670	4.71	15.04
4.670	4.71	15.04
4.670	4.71	15.04
4.670	4.70	15.04
