1.015	23.14	15.05
1.015	23.14	15.05
1.016	23.14	15.05
1.018	23.14	15.05
1.019	23.14	15.05
1.022	23.01	15.05
1.024	23.08	15.05
1.026	23.14	15.05
1.027	23.13	15.05
1.029	23.03	15.05
1.030	22.98	15.05
1.033	22.88	15.05
1.035	22.65	15.05
1.038	22.54	15.05
1.040	22.50	15.05
1.042	22.56	15.05
1.045	22.48	15.05
1.048	22.48	15.05
1.050	22.42	15.05
1.052	22.38	15.05
1.054	22.31	15.05
1.056	22.20	15.05
1.059	22.13	15.05
1.061	22.09	15.05
1.063	21.99	15.05
1.065	21.97	15.05
1.066	21.99	15.05
1.068	21.92	15.05
1.069	21.94	15.05
1.071	21.89	15.05
1.073	21.85	15.05
1.075	21.81	15.05
1.077	21.77	15.05
1.079	21.70	15.05
1.082	21.62	15.05
1.084	21.59	15.05
1.087	21.50	15.05
1.088	21.50	15.05
1.089	21.52	15.05
1.091	21.48	15.05
1.093	21.44	15.05
1.095	21.43	15.05
1.096	21.39	15.05
1.099	21.36	15.05
1.101	21.32	15.05
1.103	21.23	15.05
1.106	21.19	15.05
1.108	21.16	15.05
1.111	21.10	15.05
1.112	21.07	15.05
1.114	21.05	15.05
1.115	21.04	15.05
1.117	21.01	15.05
1.120	20.93	15.05
1.122	20.93	15.05
1.124	20.91	15.05
1.127	20.87	15.05
1.129	20.81	15.05
1.132	20.76	15.05
1.135	20.68	15.05
1.137	20.63	15.05
1.139	20.62	15.05
1.141	20.60	15.05
1.143	20.54	15.05
1.145	20.51	15.05
1.148	20.48	15.05
1.150	20.43	15.05
1.152	20.40	15.05
1.154	20.35	15.05
1.157	20.30	15.05
1.159	20.24	15.05
1.162	20.19	15.05
1.165	20.12	15.05
1.167	20.11	15.05
1.169	20.04	15.05
1.172	20.03	15.05
1.174	19.98	15.05
1.177	19.95	15.05
1.179	19.92	15.05
1.182	19.88	15.05
1.185	19.81	15.05
1.189	19.71	15.05
1.192	19.68	15.05
1.195	19.62	15.05
1.197	19.61	15.05
1.201	19.57	15.05
1.203	19.53	15.05
1.205	19.49	15.05
1.208	19.44	15.05
1.212	19.40	15.05
1.215	19.34	15.05
1.218	19.29	15.05
1.223	19.18	15.05
1.226	19.12	15.05
1.229	19.07	15.05
1.231	19.04	15.05
1.235	19.03	15.05
1.237	19.00	15.05
1.239	18.96	15.05
1.241	18.93	15.05
1.244	18.85	15.05
1.247	18.81	15.05
1.251	18.76	15.05
1.254	18.71	15.05
1.258	18.65	15.05
1.261	18.64	15.05
1.264	18.61	15.05
1.267	18.57	15.05
1.270	18.55	15.05
1.273	18.50	15.05
1.276	18.43	15.05
1.278	18.35	15.05
1.280	18.34	15.05
1.282	18.30	15.05
1.285	18.28	15.05
1.288	18.26	15.05
1.291	18.25	15.05
1.294	18.23	15.05
1.297	18.19	15.05
1.299	18.16	15.05
1.302	18.12	15.05
1.305	18.10	15.05
1.308	18.04	15.05
1.310	18.01	15.05
1.312	17.97	15.05
1.315	17.90	15.05
1.319	17.82	15.05
1.322	17.74	15.05
1.324	17.69	15.05
1.326	17.65	15.05
1.329	17.61	15.05
1.332	17.58	15.05
1.334	17.54	15.05
1.336	17.51	15.05
1.339	17.48	15.05
1.342	17.46	15.05
1.344	17.43	15.05
1.347	17.40	15.05
1.350	17.37	15.05
1.354	17.34	15.05
1.356	17.28	15.05
1.359	17.25	15.05
1.362	17.21	15.05
1.365	17.17	15.05
1.368	17.14	15.05
1.371	17.10	15.05
1.374	17.06	15.05
1.378	17.02	15.05
1.381	16.97	15.05
1.386	16.93	15.05
1.390	16.89	15.05
1.394	16.83	15.05
1.397	16.78	15.05
1.401	16.74	15.05
1.404	16.70	15.05
1.408	16.65	15.05
1.411	16.61	15.05
1.415	16.56	15.05
1.418	16.52	15.05
1.422	16.48	15.05
1.425	16.44	15.05
1.429	16.41	15.05
1.433	16.36	15.05
1.436	16.31	15.05
1.440	16.26	15.05
1.444	16.22	15.05
1.449	16.16	15.05
1.454	16.11	15.05
1.458	16.06	15.05
1.462	16.01	15.05
1.467	15.97	15.05
1.471	15.94	15.05
1.475	15.89	15.05
1.478	15.84	15.05
1.482	15.80	15.05
1.486	15.77	15.05
1.489	15.71	15.05
1.493	15.67	15.05
1.497	15.63	15.05
1.501	15.59	15.05
1.504	15.55	15.05
1.508	15.51	15.05
1.512	15.48	15.05
1.516	15.44	15.05
1.520	15.39	15.05
1.524	15.35	15.05
1.528	15.30	15.05
1.534	15.25	15.05
1.540	15.19	15.05
1.543	15.15	15.05
1.548	15.10	15.05
1.554	15.06	15.05
1.558	15.01	15.05
1.561	14.98	15.05
1.565	14.94	15.05
1.569	14.88	15.05
1.573	14.85	15.05
1.577	14.81	15.05
1.581	14.77	15.05
1.585	14.73	15.05
1.590	14.69	15.05
1.596	14.64	15.05
1.600	14.59	15.05
1.605	14.55	15.05
1.608	14.51	15.05
1.613	14.47	15.05
1.618	14.42	15.05
1.623	14.31	15.05
1.627	14.33	15.05
1.632	14.29	15.05
1.637	14.25	15.05
1.640	14.21	15.05
1.644	14.18	15.05
1.648	14.15	15.05
1.653	14.11	15.05
1.657	14.08	15.05
1.662	14.04	15.05
1.666	13.99	15.05
1.672	13.93	15.05
1.677	13.89	15.05
1.683	13.84	15.05
1.688	13.79	15.05
1.693	13.74	15.05
1.698	13.71	15.05
1.702	13.68	15.05
1.705	13.64	15.05
1.709	13.61	15.05
1.713	13.57	15.05
1.718	13.53	15.05
1.724	13.49	15.05
1.730	13.43	15.05
1.736	13.38	15.05
1.742	13.34	15.05
1.747	13.30	15.05
1.752	13.26	15.05
1.756	13.22	15.05
1.761	13.18	15.05
1.766	13.15	15.05
1.771	13.11	15.05
1.777	13.07	15.05
1.784	13.02	15.05
1.789	12.97	15.05
1.794	12.93	15.05
1.800	12.89	15.05
1.805	12.85	15.05
1.809	12.80	15.05
1.814	12.78	15.05
1.819	12.75	15.05
1.823	12.71	15.05
1.828	12.67	15.05
1.833	12.64	15.05
1.839	12.60	15.05
1.845	12.55	15.05
1.851	12.50	15.05
1.857	12.46	15.05
1.863	12.42	15.05
1.871	12.36	15.05
1.877	12.31	15.05
1.881	12.28	15.05
1.887	12.24	15.05
1.893	12.21	15.05
1.899	12.17	15.05
1.905	12.13	15.05
1.915	12.07	15.05
1.923	12.01	15.05
1.930	11.95	15.05
1.938	11.90	15.05
1.946	11.86	15.05
1.953	11.82	15.05
1.960	11.76	15.05
1.967	11.73	15.05
1.973	11.69	15.05
1.980	11.64	15.05
1.990	11.58	15.05
1.998	11.52	15.05
2.006	11.48	15.05
2.011	11.45	15.05
2.016	11.41	15.05
2.021	11.39	15.05
2.027	11.34	15.05
2.033	11.31	15.05
2.038	11.28	15.05
2.045	11.24	15.05
2.052	11.19	15.05
2.060	11.15	15.05
2.069	11.09	15.05
2.077	11.04	15.05
2.084	11.00	15.05
2.093	10.95	15.05
2.102	10.90	15.05
2.110	10.86	15.05
2.117	10.82	15.05
2.124	10.78	15.05
2.131	10.74	15.05
2.140	10.70	15.05
2.150	10.64	15.05
2.160	10.58	15.05
2.167	10.54	15.05
2.178	10.49	15.05
2.190	10.43	15.05
2.201	10.38	15.05
2.210	10.34	15.05
2.219	10.29	15.05
2.228	10.25	15.05
2.237	10.21	15.05
2.246	10.14	15.05
2.255	10.09	15.05
2.263	10.05	15.05
2.272	10.01	15.05
2.281	9.98	15.05
2.289	9.93	15.05
2.298	9.90	15.05
2.307	9.86	15.05
2.316	9.82	15.05
2.325	9.78	15.05
2.337	9.72	15.05
2.347	9.66	15.05
2.355	9.60	15.05
2.366	9.54	15.05
2.377	9.48	15.05
2.389	9.40	15.05
2.400	9.33	15.05
2.408	9.31	15.05
2.419	9.26	15.05
2.429	9.24	15.05
2.442	9.21	15.05
2.456	9.16	15.05
2.465	9.14	15.05
2.475	9.10	15.05
2.484	9.04	15.05
2.495	9.04	15.05
2.511	8.90	15.05
2.523	8.86	15.05
2.535	8.79	15.05
2.547	8.76	15.05
2.559	8.72	15.05
2.574	8.71	15.05
2.586	8.68	15.05
2.598	8.60	15.05
2.611	8.51	15.05
2.625	8.49	15.05
2.642	8.46	15.05
2.658	8.41	15.05
2.673	8.39	15.05
2.687	8.31	15.05
2.698	8.32	15.05
2.711	8.27	15.05
2.724	8.19	15.05
2.740	8.17	15.05
2.756	8.13	15.05
2.774	8.07	15.05
2.790	7.96	15.05
2.805	7.98	15.05
2.820	7.90	15.05
2.834	7.83	15.05
2.848	7.79	15.05
2.857	7.75	15.05
2.866	7.72	15.05
2.879	7.70	15.05
2.898	7.64	15.05
2.921	7.58	15.05
2.939	7.52	15.05
2.958	7.41	15.05
2.976	7.40	15.05
2.991	7.39	15.05
3.006	7.36	15.05
3.015	7.34	15.05
3.031	7.24	15.05
3.044	7.22	15.05
3.057	7.18	15.05
3.078	7.15	15.05
3.102	7.07	15.05
3.120	7.01	15.05
3.141	6.98	15.05
3.161	6.92	15.05
3.179	6.91	15.05
3.193	6.81	15.05
3.207	6.78	15.05
3.218	6.72	15.05
3.231	6.72	15.05
3.249	6.68	15.05
3.275	6.61	15.05
3.292	6.52	15.05
3.300	6.51	15.05
3.315	6.49	15.05
3.333	6.44	15.05
3.350	6.43	15.05
3.366	6.39	15.05
3.380	6.37	15.05
3.392	6.32	15.05
3.407	6.30	15.05
3.422	6.23	15.05
3.440	6.20	15.05
3.461	6.19	15.05
3.484	6.14	15.05
3.502	6.11	15.05
3.519	6.05	15.05
3.541	5.99	15.05
3.558	5.99	15.05
3.575	5.95	15.05
3.593	5.94	15.05
3.608	5.87	15.05
3.614	5.83	15.05
3.621	5.83	15.05
3.638	5.77	15.05
3.659	5.77	15.05
3.682	5.74	15.05
3.708	5.66	15.05
3.736	5.63	15.05
3.760	5.58	15.05
3.787	5.49	15.05
3.814	5.45	15.05
3.845	5.42	15.05
3.870	5.38	15.05
3.881	5.35	15.05
3.884	5.34	15.05
3.897	5.31	15.05
3.920	5.30	15.05
3.947	5.25	15.05
3.975	5.16	15.05
4.004	5.16	15.05
4.026	5.08	15.05
4.045	5.05	15.05
4.068	5.04	15.05
4.091	5.01	15.05
4.117	5.00	15.05
4.148	4.92	15.05
4.174	4.83	15.05
4.201	4.84	15.05
4.231	4.80	15.05
4.257	4.80	15.05
4.286	4.83	15.05
4.317	4.74	15.05
4.340	4.73	15.05
4.354	4.75	15.05
4.381	4.73	15.05
4.410	4.72	15.05
4.441	4.72	15.05
4.475	4.72	15.05
4.499	4.73	15.05
4.513	4.72	15.05
4.541	4.72	15.05
4.574	4.71	15.05
4.605	4.72	15.05
4.632	4.71	15.05
4.657	4.71	15.05
4.670	4.71	15.05
4.670	4.70	15.05
