4.670	4.70	15.05
4.670	4.72	15.05
4.670	4.72	15.05
4.667	4.71	15.05
4.649	4.71	15.05
4.622	4.71	15.05
4.591	4.72	15.05
4.553	4.72	15.05
4.515	4.71	15.05
4.481	4.71	15.05
4.463	4.72	15.05
4.454	4.72	15.05
4.442	4.72	15.05
4.423	4.72	15.05
4.396	4.72	15.05
4.372	4.72	15.05
4.348	4.73	15.05
4.322	4.72	15.05
4.288	4.74	15.05
4.256	4.72	15.05
4.226	4.73	15.05
4.197	4.73	15.05
4.167	4.81	15.05
4.132	4.83	15.05
4.105	4.83	15.05
4.089	4.83	15.05
4.080	4.84	15.05
4.072	4.85	15.05
4.058	4.88	15.05
4.039	4.87	15.05
4.021	4.92	15.05
3.998	4.98	15.05
3.977	5.00	15.05
3.958	5.02	15.05
3.937	5.03	15.05
3.917	5.07	15.05
3.892	5.15	15.05
3.866	5.16	15.05
3.837	5.25	15.05
3.807	5.29	15.05
3.788	5.31	15.05
3.785	5.31	15.05
3.778	5.36	15.05
3.766	5.37	15.05
3.750	5.40	15.05
3.731	5.39	15.05
3.712	5.40	15.05
3.693	5.50	15.05
3.674	5.48	15.05
3.650	5.58	15.05
3.626	5.63	15.05
3.609	5.64	15.05
3.593	5.71	15.05
3.579	5.73	15.05
3.561	5.75	15.05
3.542	5.78	15.05
3.525	5.84	15.05
3.513	5.84	15.05
3.498	5.86	15.05
3.480	5.93	15.05
3.461	5.96	15.05
3.443	5.98	15.05
3.426	6.02	15.05
3.411	6.07	15.05
3.394	6.10	15.05
3.377	6.16	15.05
3.360	6.20	15.05
3.344	6.23	15.05
3.326	6.23	15.05
3.308	6.32	15.05
3.294	6.31	15.05
3.281	6.38	15.05
3.268	6.41	15.05
3.253	6.39	15.05
3.235	6.46	15.05
3.218	6.48	15.05
3.202	6.52	15.05
3.184	6.60	15.05
3.169	6.63	15.05
3.153	6.69	15.05
3.136	6.75	15.05
3.120	6.74	15.05
3.105	6.79	15.05
3.091	6.83	15.05
3.075	6.90	15.05
3.060	6.91	15.05
3.043	6.96	15.05
3.022	7.01	15.05
3.006	7.08	15.05
2.992	7.11	15.05
2.974	7.17	15.05
2.961	7.20	15.05
2.946	7.25	15.05
2.931	7.30	15.05
2.923	7.34	15.05
2.916	7.37	15.05
2.908	7.38	15.05
2.898	7.37	15.05
2.886	7.41	15.05
2.871	7.41	15.05
2.854	7.46	15.05
2.840	7.53	15.05
2.830	7.59	15.05
2.815	7.62	15.05
2.802	7.70	15.05
2.786	7.74	15.05
2.771	7.77	15.05
2.761	7.80	15.05
2.751	7.83	15.05
2.743	7.83	15.05
2.734	7.90	15.05
2.725	7.89	15.05
2.715	7.97	15.05
2.705	8.00	15.05
2.695	8.03	15.05
2.684	8.07	15.05
2.674	8.13	15.05
2.663	8.15	15.05
2.652	8.14	15.05
2.641	8.21	15.05
2.633	8.26	15.05
2.622	8.30	15.05
2.611	8.34	15.05
2.601	8.36	15.05
2.589	8.37	15.05
2.576	8.42	15.05
2.565	8.45	15.05
2.555	8.48	15.05
2.545	8.50	15.05
2.537	8.53	15.05
2.528	8.55	15.05
2.519	8.63	15.05
2.509	8.69	15.05
2.500	8.68	15.05
2.490	8.73	15.05
2.481	8.74	15.05
2.469	8.77	15.05
2.458	8.77	15.05
2.448	8.86	15.05
2.439	8.90	15.05
2.431	8.98	15.05
2.424	9.06	15.05
2.417	9.05	15.05
2.410	9.10	15.05
2.400	9.15	15.05
2.391	9.15	15.05
2.384	9.17	15.05
2.375	9.20	15.05
2.367	9.23	15.05
2.356	9.24	15.05
2.345	9.29	15.05
2.334	9.32	15.05
2.326	9.37	15.05
2.318	9.42	15.05
2.310	9.49	15.05
2.303	9.53	15.05
2.294	9.58	15.05
2.286	9.63	15.05
2.279	9.67	15.05
2.275	9.70	15.05
2.268	9.74	15.05
2.260	9.78	15.05
2.252	9.82	15.05
2.243	9.87	15.05
2.235	9.90	15.05
2.226	9.93	15.05
2.217	9.98	15.05
2.208	10.02	15.05
2.198	10.07	15.05
2.187	10.12	15.05
2.179	10.16	15.05
2.173	10.21	15.05
2.167	10.24	15.05
2.161	10.26	15.05
2.155	10.31	15.05
2.149	10.34	15.05
2.142	10.37	15.05
2.137	10.40	15.05
2.131	10.43	15.05
2.125	10.46	15.05
2.120	10.49	15.05
2.115	10.51	15.05
2.109	10.55	15.05
2.104	10.57	15.05
2.102	10.59	15.05
2.099	10.62	15.05
2.094	10.65	15.05
2.089	10.69	15.05
2.084	10.71	15.05
2.078	10.74	15.05
2.073	10.77	15.05
2.068	10.79	15.05
2.064	10.83	15.05
2.058	10.86	15.05
2.050	10.90	15.05
2.045	10.93	15.05
2.039	10.96	15.05
2.035	10.99	15.05
2.030	11.01	15.05
2.024	11.04	15.05
2.018	11.08	15.05
2.012	11.13	15.05
2.007	11.16	15.05
2.001	11.19	15.05
1.996	11.22	15.05
1.990	11.26	15.05
1.985	11.29	15.05
1.978	11.33	15.05
1.971	11.38	15.05
1.965	11.41	15.05
1.959	11.45	15.05
1.955	11.48	15.05
1.949	11.51	15.05
1.944	11.54	15.05
1.939	11.58	15.05
1.934	11.61	15.05
1.928	11.65	15.05
1.922	11.69	15.05
1.917	11.73	15.05
1.911	11.75	15.05
1.905	11.81	15.05
1.899	11.84	15.05
1.894	11.88	15.05
1.889	11.90	15.05
1.884	11.94	15.05
1.878	11.99	15.05
1.870	12.04	15.05
1.865	12.09	15.05
1.858	12.14	15.05
1.853	12.17	15.05
1.847	12.21	15.05
1.842	12.23	15.05
1.839	12.26	15.05
1.836	12.28	15.05
1.832	12.30	15.05
1.827	12.35	15.05
1.824	12.38	15.05
1.820	12.41	15.05
1.817	12.43	15.05
1.814	12.46	15.05
1.809	12.49	15.05
1.803	12.55	15.05
1.797	12.60	15.05
1.792	12.62	15.05
1.787	12.65	15.05
1.783	12.70	15.05
1.777	12.73	15.05
1.772	12.78	15.05
1.766	12.80	15.05
1.762	12.84	15.05
1.757	12.88	15.05
1.752	12.91	15.05
1.746	12.96	15.05
1.740	13.02	15.05
1.734	13.07	15.05
1.730	13.10	15.05
1.727	13.13	15.05
1.723	13.16	15.05
1.719	13.19	15.05
1.715	13.22	15.05
1.712	13.25	15.05
1.708	13.27	15.05
1.703	13.32	15.05
1.698	13.35	15.05
1.693	13.39	15.05
1.686	13.45	15.05
1.679	13.52	15.05
1.675	13.55	15.05
1.670	13.59	15.05
1.665	13.64	15.05
1.660	13.69	15.05
1.654	13.72	15.05
1.651	13.74	15.05
1.648	13.79	15.05
1.644	13.83	15.05
1.641	13.86	15.05
1.638	13.89	15.05
1.634	13.92	15.05
1.629	13.98	15.05
1.624	14.03	15.05
1.620	14.07	15.05
1.615	14.10	15.05
1.610	14.14	15.05
1.603	14.19	15.05
1.599	14.24	15.05
1.594	14.28	15.05
1.590	14.31	15.05
1.586	14.36	15.05
1.582	14.39	15.05
1.578	14.45	15.05
1.574	14.49	15.05
1.569	14.53	15.05
1.566	14.56	15.05
1.561	14.60	15.05
1.555	14.66	15.05
1.550	14.71	15.05
1.546	14.74	15.05
1.543	14.79	15.05
1.540	14.82	15.05
1.537	14.85	15.05
1.534	14.89	15.05
1.528	14.95	15.05
1.523	15.00	15.05
1.519	15.04	15.05
1.513	15.09	15.05
1.507	15.14	15.05
1.503	15.18	15.05
1.501	15.22	15.05
1.499	15.25	15.05
1.497	15.27	15.05
1.495	15.29	15.05
1.493	15.31	15.05
1.491	15.35	15.05
1.488	15.38	15.05
1.485	15.42	15.05
1.482	15.46	15.05
1.478	15.50	15.05
1.473	15.53	15.05
1.469	15.58	15.05
1.464	15.62	15.05
1.461	15.67	15.05
1.456	15.71	15.05
1.453	15.76	15.05
1.451	15.79	15.05
1.447	15.82	15.05
1.445	15.84	15.05
1.442	15.89	15.05
1.439	15.93	15.05
1.435	15.97	15.05
1.430	16.01	15.05
1.425	16.07	15.05
1.420	16.11	15.05
1.417	16.15	15.05
1.414	16.20	15.05
1.410	16.24	15.05
1.407	16.28	15.05
1.403	16.33	15.05
1.400	16.39	15.05
1.395	16.43	15.05
1.392	16.47	15.05
1.388	16.51	15.05
1.385	16.55	15.05
1.382	16.60	15.05
1.378	16.64	15.05
1.376	16.67	15.05
1.375	16.69	15.05
1.376	16.70	15.05
1.374	16.71	15.05
1.372	16.75	15.05
1.370	16.79	15.05
1.368	16.80	15.05
1.366	16.83	15.05
1.364	16.87	15.05
1.362	16.89	15.05
1.358	16.93	15.05
1.353	16.97	15.05
1.350	17.02	15.05
1.346	17.06	15.05
1.343	17.10	15.05
1.338	17.15	15.05
1.336	17.20	15.05
1.335	17.23	15.05
1.332	17.26	15.05
1.331	17.28	15.05
1.329	17.29	15.05
1.328	17.33	15.05
1.326	17.35	15.05
1.324	17.38	15.05
1.320	17.41	15.05
1.317	17.45	15.05
1.313	17.48	15.05
1.309	17.52	15.05
1.305	17.57	15.05
1.301	17.63	15.05
1.299	17.67	15.05
1.297	17.70	15.05
1.295	17.77	15.05
1.291	17.83	15.05
1.286	17.99	15.05
1.281	18.07	15.05
1.279	18.10	15.05
1.276	18.12	15.05
1.273	18.18	15.05
1.270	18.19	15.05
1.267	18.23	15.05
1.265	18.24	15.05
1.264	18.25	15.05
1.262	18.27	15.05
1.260	18.29	15.05
1.257	18.31	15.05
1.254	18.36	15.05
1.252	18.41	15.05
1.250	18.47	15.05
1.247	18.50	15.05
1.245	18.53	15.05
1.243	18.54	15.05
1.239	18.56	15.05
1.236	18.60	15.05
1.234	18.66	15.06
1.232	18.69	15.05
1.231	18.72	15.05
1.229	18.77	15.05
1.224	18.81	15.05
1.221	18.87	15.05
1.219	18.91	15.06
1.217	18.93	15.06
1.215	18.95	15.05
1.213	19.00	15.06
1.212	19.03	15.06
1.210	19.02	15.06
1.208	19.02	15.06
1.206	19.04	15.06
1.204	19.10	15.06
1.203	19.14	15.06
1.202	19.15	15.06
1.201	19.18	15.06
1.200	19.21	15.06
1.198	19.26	15.06
1.196	19.31	15.06
1.194	19.35	15.06
1.192	19.38	15.06
1.190	19.40	15.06
1.188	19.44	15.06
1.186	19.45	15.06
1.185	19.47	15.06
1.182	19.43	15.06
1.181	19.47	15.06
1.179	19.54	15.06
1.178	19.54	15.06
1.175	19.61	15.06
1.174	19.65	15.06
1.173	19.66	15.06
1.172	19.70	15.06
1.168	19.74	15.06
1.165	19.79	15.06
1.163	19.85	15.06
1.161	19.89	15.06
1.159	19.91	15.06
1.157	19.92	15.06
1.155	19.91	15.06
1.153	19.94	15.06
1.150	19.94	15.06
1.147	20.07	15.06
1.146	20.10	15.06
1.145	20.18	15.06
1.143	20.24	15.06
1.141	20.25	15.06
1.140	20.28	15.06
1.137	20.31	15.06
1.135	20.36	15.06
1.133	20.37	15.06
1.131	20.40	15.06
1.130	20.37	15.06
1.127	20.43	15.06
1.126	20.45	15.06
1.123	20.48	15.06
1.122	20.53	15.06
1.121	20.60	15.06
1.120	20.63	15.06
1.118	20.66	15.06
1.116	20.73	15.06
1.113	20.78	15.06
1.111	20.80	15.06
1.110	20.84	15.06
1.108	20.87	15.06
1.106	20.91	15.06
1.103	20.90	15.06
1.101	20.92	15.06
1.098	20.93	15.06
1.097	21.00	15.06
1.095	21.02	15.06
1.094	21.10	15.06
1.093	21.14	15.06
1.092	21.18	15.06
1.090	21.20	15.06
1.088	21.21	15.06
1.085	21.26	15.06
1.085	21.29	15.06
1.082	21.35	15.06
1.081	21.37	15.06
1.080	21.40	15.06
1.079	21.42	15.06
1.076	21.40	15.06
1.073	21.47	15.06
1.072	21.52	15.06
1.071	21.55	15.06
1.069	21.58	15.06
1.067	21.64	15.06
1.065	21.68	15.06
1.064	21.68	15.06
1.061	21.74	15.06
1.059	21.77	15.06
1.058	21.82	15.06
1.056	21.88	15.06
1.056	21.90	15.06
1.054	21.88	15.06
1.051	21.91	15.06
1.050	22.00	15.06
1.048	22.01	15.06
1.047	22.07	15.06
1.046	22.12	15.06
1.044	22.13	15.06
1.042	22.18	15.06
1.040	22.24	15.06
1.038	22.31	15.06
1.037	22.38	15.06
1.035	22.42	15.06
1.033	22.49	15.06
1.030	22.47	15.06
1.027	22.50	15.06
1.025	22.58	15.06
1.024	22.62	15.06
1.022	22.60	15.06
1.021	22.60	15.06
1.020	22.81	15.06
1.019	22.96	15.06
1.016	22.87	15.06
1.015	23.11	15.06
1.014	22.98	15.06
1.012	23.01	15.06
1.011	23.14	15.06
1.007	23.14	15.06
1.006	23.14	15.06
1.005	23.14	15.06
1.005	23.14	15.06
1.004	23.14	15.06
1.003	23.14	15.06
1.003	23.14	15.06
1.004	23.14	15.06
