1.056	23.14	25.00
1.055	23.14	25.00
1.055	23.14	25.00
1.056	23.14	25.00
1.058	23.14	25.00
1.061	23.14	25.00
1.064	23.14	25.00
1.066	23.06	25.00
1.067	23.11	25.00
1.069	23.04	25.00
1.071	22.98	25.00
1.074	22.93	25.00
1.076	22.65	25.00
1.079	22.54	25.00
1.082	22.51	25.00
1.084	22.56	25.00
1.086	22.52	25.00
1.088	22.50	25.00
1.091	22.45	25.00
1.092	22.41	25.00
1.094	22.39	25.00
1.096	22.38	25.00
1.097	22.30	25.00
1.098	22.20	25.00
1.100	22.16	25.00
1.103	22.08	25.00
1.106	21.99	25.00
1.108	21.98	25.00
1.111	21.92	25.00
1.114	21.88	25.00
1.116	21.85	25.00
1.118	21.80	25.00
1.121	21.75	25.00
1.123	21.71	25.00
1.124	21.65	25.00
1.127	21.61	25.00
1.130	21.53	25.00
1.132	21.51	25.00
1.134	21.49	25.00
1.137	21.45	25.00
1.138	21.42	25.00
1.141	21.38	25.00
1.144	21.33	25.00
1.146	21.26	25.00
1.148	21.21	25.00
1.151	21.18	25.00
1.154	21.11	25.00
1.157	21.07	25.00
1.159	21.04	25.00
1.161	21.01	25.00
1.164	20.94	25.00
1.167	20.92	25.00
1.169	20.89	25.00
1.172	20.84	25.00
1.175	20.81	25.00
1.177	20.73	25.00
1.180	20.68	25.01
1.183	20.62	25.01
1.185	20.61	25.01
1.188	20.56	25.01
1.190	20.51	25.01
1.193	20.47	25.01
1.195	20.43	25.01
1.197	20.37	25.01
1.200	20.35	25.01
1.203	20.29	25.01
1.205	20.23	25.01
1.208	20.20	25.01
1.210	20.18	25.01
1.212	20.13	25.01
1.214	20.09	25.01
1.218	20.03	25.01
1.221	19.97	25.01
1.224	19.94	25.01
1.226	19.90	25.01
1.230	19.84	25.01
1.233	19.74	25.01
1.235	19.74	25.01
1.239	19.68	25.01
1.242	19.66	25.01
1.244	19.61	25.01
1.248	19.55	25.01
1.250	19.52	25.01
1.253	19.48	25.01
1.255	19.44	25.01
1.258	19.39	25.01
1.261	19.33	25.01
1.264	19.30	25.01
1.266	19.25	25.01
1.269	19.18	25.01
1.271	19.15	25.01
1.275	19.12	25.01
1.278	19.04	25.01
1.282	19.04	25.01
1.284	18.97	25.01
1.288	18.93	25.01
1.290	18.87	25.01
1.294	18.82	25.01
1.296	18.78	25.01
1.299	18.78	25.01
1.302	18.73	25.01
1.305	18.71	25.01
1.308	18.66	25.01
1.311	18.62	25.01
1.314	18.59	25.01
1.317	18.54	25.01
1.320	18.50	25.01
1.323	18.46	25.01
1.325	18.37	25.01
1.328	18.32	25.01
1.332	18.29	25.01
1.334	18.27	25.01
1.337	18.26	25.01
1.339	18.26	25.01
1.342	18.23	25.01
1.346	18.18	25.01
1.349	18.14	25.01
1.353	18.10	25.01
1.356	18.06	25.01
1.360	18.00	25.01
1.364	17.91	25.01
1.367	17.83	25.01
1.370	17.76	25.01
1.372	17.70	25.01
1.376	17.65	25.01
1.380	17.59	25.01
1.384	17.55	25.01
1.387	17.51	25.01
1.390	17.47	25.01
1.394	17.45	25.01
1.397	17.41	25.01
1.401	17.36	25.01
1.405	17.32	25.01
1.407	17.28	25.01
1.410	17.24	25.01
1.415	17.18	25.01
1.419	17.13	25.01
1.424	17.07	25.01
1.427	17.03	25.01
1.431	16.97	25.01
1.436	16.94	25.01
1.440	16.89	25.01
1.444	16.84	25.00
1.448	16.78	25.00
1.452	16.74	25.00
1.455	16.70	25.00
1.459	16.64	25.00
1.464	16.60	25.00
1.467	16.55	25.00
1.470	16.51	25.00
1.473	16.47	25.00
1.477	16.43	25.00
1.481	16.40	25.00
1.483	16.35	25.00
1.486	16.32	25.00
1.490	16.28	25.00
1.494	16.23	25.00
1.499	16.17	25.00
1.504	16.12	25.00
1.508	16.07	25.00
1.513	16.03	25.00
1.517	15.98	25.00
1.523	15.94	25.00
1.526	15.90	25.00
1.526	15.88	25.00
1.529	15.85	25.00
1.531	15.82	25.00
1.535	15.78	25.00
1.539	15.73	25.00
1.543	15.69	25.00
1.548	15.64	25.00
1.552	15.59	25.00
1.556	15.56	25.00
1.560	15.51	25.00
1.564	15.47	25.00
1.567	15.44	25.00
1.572	15.39	25.00
1.576	15.35	25.00
1.581	15.30	25.00
1.586	15.24	25.00
1.591	15.19	25.00
1.596	15.15	25.00
1.600	15.10	25.00
1.605	15.06	25.00
1.611	15.01	25.00
1.617	14.95	25.00
1.621	14.91	25.00
1.625	14.87	25.00
1.630	14.81	25.00
1.636	14.76	25.00
1.641	14.72	25.00
1.646	14.67	25.00
1.650	14.62	25.00
1.655	14.59	25.00
1.660	14.53	25.00
1.668	14.48	25.00
1.673	14.41	25.00
1.677	14.38	25.00
1.682	14.32	25.00
1.688	14.28	25.00
1.693	14.23	25.00
1.698	14.19	25.00
1.702	14.15	25.00
1.706	14.11	25.00
1.710	14.08	25.00
1.714	14.05	25.00
1.718	14.01	25.00
1.723	13.96	25.00
1.728	13.91	25.00
1.733	13.87	25.00
1.738	13.82	25.00
1.745	13.77	25.00
1.751	13.72	25.00
1.755	13.68	25.00
1.759	13.65	25.00
1.764	13.61	25.00
1.769	13.55	25.00
1.776	13.51	25.00
1.781	13.46	25.00
1.785	13.44	25.00
1.789	13.39	25.00
1.795	13.35	25.00
1.801	13.31	25.00
1.806	13.27	25.00
1.811	13.23	25.00
1.817	13.18	25.00
1.823	13.14	25.00
1.829	13.10	25.00
1.835	13.04	25.00
1.840	13.01	25.00
1.845	12.96	25.00
1.851	12.92	25.00
1.857	12.87	25.00
1.864	12.82	25.00
1.870	12.78	25.00
1.877	12.74	25.00
1.883	12.70	25.00
1.888	12.64	25.00
1.895	12.60	25.00
1.904	12.54	25.00
1.908	12.50	25.00
1.913	12.47	25.00
1.918	12.42	25.00
1.924	12.39	25.00
1.933	12.32	25.00
1.940	12.27	25.00
1.948	12.23	25.00
1.956	12.18	25.00
1.963	12.13	25.00
1.972	12.08	25.00
1.979	12.03	25.00
1.984	11.98	25.00
1.991	11.94	25.00
1.998	11.89	25.00
2.006	11.84	25.00
2.015	11.79	25.00
2.021	11.74	25.00
2.028	11.72	25.00
2.034	11.66	25.00
2.039	11.62	25.00
2.045	11.59	25.00
2.047	11.57	25.00
2.047	11.56	25.00
2.051	11.53	25.00
2.061	11.48	25.00
2.073	11.42	25.00
2.083	11.37	25.00
2.093	11.31	25.00
2.102	11.25	25.00
2.111	11.20	25.00
2.119	11.15	25.00
2.127	11.11	25.00
2.131	11.06	25.00
2.137	11.03	25.00
2.145	10.99	25.00
2.155	10.94	25.00
2.164	10.90	25.00
2.171	10.86	25.00
2.177	10.82	25.00
2.183	10.79	25.00
2.190	10.75	25.00
2.198	10.71	25.00
2.207	10.66	25.00
2.215	10.61	25.00
2.218	10.57	25.00
2.226	10.54	25.00
2.235	10.50	25.00
2.244	10.46	25.00
2.253	10.42	25.00
2.262	10.37	25.00
2.269	10.34	25.00
2.278	10.30	25.00
2.286	10.25	25.00
2.294	10.22	25.00
2.303	10.16	25.00
2.311	10.11	25.00
2.319	10.07	25.00
2.327	10.04	25.00
2.336	10.00	25.00
2.344	9.97	25.00
2.355	9.92	25.00
2.361	9.90	25.00
2.366	9.87	25.00
2.372	9.83	25.00
2.379	9.80	25.00
2.388	9.77	25.00
2.397	9.71	25.00
2.405	9.67	25.00
2.413	9.62	25.00
2.423	9.57	25.00
2.435	9.50	25.00
2.447	9.42	25.00
2.460	9.34	25.00
2.466	9.32	25.00
2.474	9.29	25.00
2.483	9.26	25.00
2.492	9.24	25.00
2.503	9.21	25.00
2.514	9.17	25.00
2.522	9.14	25.00
2.533	9.14	25.00
2.543	9.08	25.00
2.555	9.05	25.00
2.569	8.96	25.00
2.579	8.89	25.00
2.585	8.88	25.00
2.596	8.81	25.00
2.607	8.78	25.00
2.619	8.74	25.00
2.634	8.72	25.00
2.646	8.69	25.00
2.656	8.64	25.00
2.665	8.56	25.00
2.676	8.51	25.00
2.685	8.48	25.00
2.698	8.48	25.00
2.709	8.44	25.00
2.720	8.42	25.00
2.731	8.39	25.00
2.743	8.38	25.00
2.754	8.34	25.00
2.764	8.32	25.00
2.773	8.26	25.00
2.783	8.22	25.00
2.791	8.18	25.00
2.799	8.17	25.00
2.808	8.15	25.00
2.820	8.14	25.00
2.831	8.07	25.00
2.843	8.04	25.00
2.855	7.99	25.00
2.870	7.94	25.00
2.886	7.91	25.00
2.901	7.83	25.00
2.918	7.79	25.00
2.927	7.77	25.00
2.932	7.71	25.00
2.938	7.71	25.00
2.950	7.69	25.00
2.966	7.64	25.00
2.980	7.60	25.00
2.997	7.55	25.00
3.015	7.46	25.00
3.034	7.40	25.00
3.054	7.39	25.00
3.071	7.37	25.00
3.089	7.35	25.00
3.102	7.24	25.00
3.113	7.21	25.00
3.125	7.18	25.00
3.140	7.18	25.00
3.156	7.11	25.00
3.176	7.10	24.99
3.194	7.02	24.99
3.213	6.98	24.99
3.234	6.93	24.99
3.254	6.91	24.99
3.276	6.78	24.99
3.290	6.74	24.99
3.304	6.74	24.99
3.323	6.71	24.99
3.345	6.62	24.99
3.368	6.57	24.99
3.386	6.49	24.99
3.405	6.45	24.99
3.427	6.43	24.99
3.449	6.40	24.99
3.469	6.34	24.99
3.490	6.31	24.99
3.508	6.23	24.99
3.526	6.20	24.99
3.549	6.19	24.99
3.578	6.12	24.99
3.605	6.04	24.99
3.626	5.99	24.99
3.644	5.98	24.99
3.659	5.96	24.99
3.676	5.93	24.99
3.692	5.86	24.99
3.713	5.82	24.99
3.735	5.78	24.99
3.759	5.74	24.99
3.787	5.71	24.99
3.816	5.64	24.99
3.846	5.60	24.99
3.872	5.51	24.99
3.903	5.44	24.99
3.939	5.40	24.99
3.968	5.37	24.99
3.985	5.32	24.99
4.005	5.30	24.99
4.028	5.26	24.99
4.056	5.21	24.99
4.085	5.15	24.99
4.116	5.07	24.99
4.147	5.04	24.99
4.170	5.00	24.99
4.191	5.00	24.99
4.220	4.98	24.99
4.261	4.86	24.99
4.289	4.84	24.99
4.305	4.80	24.99
4.328	4.81	24.99
4.353	4.82	24.99
4.370	4.82	24.99
4.390	4.75	24.99
4.420	4.74	24.99
4.460	4.75	24.99
4.493	4.73	24.99
4.517	4.73	24.99
4.543	4.71	24.99
4.569	4.72	24.99
4.597	4.71	24.99
4.620	4.73	24.99
4.636	4.73	24.99
