4.577	4.73	24.98
4.565	4.72	24.98
4.545	4.72	24.98
4.516	4.72	24.98
4.486	4.73	24.98
4.460	4.73	24.98
4.429	4.71	24.98
4.404	4.76	24.98
4.384	4.74	24.98
4.366	4.72	24.98
4.352	4.73	24.98
4.331	4.74	24.98
4.299	4.71	24.98
4.265	4.81	24.98
4.232	4.84	24.98
4.201	4.81	24.98
4.174	4.84	24.98
4.153	4.85	24.98
4.134	4.88	24.98
4.113	4.89	24.98
4.090	4.97	24.98
4.066	5.00	24.98
4.039	5.04	24.98
4.012	5.04	24.98
3.984	5.13	24.98
3.955	5.16	24.98
3.925	5.22	24.98
3.900	5.25	24.98
3.875	5.32	24.98
3.858	5.34	24.98
3.845	5.36	24.98
3.830	5.39	24.98
3.817	5.40	24.98
3.805	5.39	24.98
3.791	5.40	24.98
3.781	5.48	24.98
3.768	5.52	24.98
3.746	5.55	24.98
3.718	5.62	24.98
3.695	5.66	24.98
3.672	5.73	24.98
3.645	5.78	24.98
3.622	5.79	24.98
3.612	5.80	24.98
3.604	5.84	24.98
3.590	5.87	24.98
3.571	5.91	24.98
3.548	5.95	24.98
3.518	6.01	24.98
3.484	6.05	24.98
3.461	6.10	24.98
3.439	6.19	24.98
3.417	6.20	24.98
3.400	6.23	24.98
3.388	6.32	24.98
3.374	6.33	24.98
3.361	6.40	24.98
3.342	6.42	24.98
3.319	6.41	24.98
3.290	6.49	24.98
3.266	6.58	24.98
3.253	6.62	24.98
3.236	6.63	24.98
3.218	6.73	24.98
3.202	6.76	24.98
3.191	6.74	24.98
3.180	6.79	24.98
3.170	6.81	24.98
3.156	6.88	24.98
3.138	6.91	24.98
3.120	6.98	24.98
3.102	7.00	24.98
3.086	7.09	24.98
3.069	7.11	24.98
3.055	7.13	24.98
3.042	7.18	24.98
3.029	7.22	24.98
3.016	7.24	24.98
3.002	7.32	24.98
2.989	7.37	24.98
2.978	7.39	24.98
2.965	7.40	24.98
2.950	7.40	24.98
2.933	7.42	24.98
2.917	7.55	24.98
2.903	7.57	24.98
2.890	7.61	24.98
2.877	7.68	24.98
2.863	7.71	24.98
2.850	7.73	24.98
2.840	7.77	24.98
2.831	7.79	24.98
2.819	7.83	24.98
2.803	7.87	24.98
2.785	7.97	24.98
2.766	8.02	24.98
2.753	8.06	24.98
2.738	8.15	24.98
2.724	8.19	24.98
2.709	8.22	24.98
2.697	8.26	24.98
2.685	8.31	24.98
2.674	8.35	24.98
2.662	8.36	24.98
2.647	8.38	24.98
2.630	8.43	24.98
2.620	8.49	24.98
2.609	8.49	24.98
2.598	8.55	24.97
2.589	8.59	24.97
2.580	8.65	24.97
2.574	8.68	24.97
2.568	8.71	24.97
2.558	8.72	24.97
2.547	8.74	24.97
2.534	8.76	24.97
2.520	8.82	24.97
2.504	8.89	24.97
2.496	8.94	24.97
2.487	9.06	24.97
2.477	9.05	24.97
2.466	9.15	24.97
2.453	9.15	24.97
2.446	9.16	24.97
2.437	9.19	24.97
2.427	9.23	24.97
2.417	9.24	24.97
2.406	9.29	24.97
2.395	9.32	24.97
2.387	9.37	24.97
2.380	9.41	24.97
2.371	9.49	24.97
2.362	9.54	24.97
2.352	9.59	24.97
2.341	9.67	24.97
2.332	9.71	24.97
2.324	9.76	24.97
2.317	9.79	24.97
2.308	9.83	24.97
2.300	9.88	24.97
2.294	9.91	24.97
2.285	9.95	24.97
2.276	9.99	24.97
2.267	10.03	24.97
2.257	10.07	24.97
2.246	10.13	24.97
2.238	10.18	24.97
2.231	10.22	24.97
2.225	10.24	24.97
2.218	10.28	24.97
2.211	10.32	24.97
2.204	10.35	24.97
2.196	10.40	24.97
2.185	10.45	24.97
2.175	10.49	24.97
2.164	10.55	24.97
2.154	10.62	24.97
2.147	10.66	24.97
2.141	10.69	24.97
2.133	10.73	24.97
2.125	10.77	24.97
2.118	10.81	24.97
2.109	10.87	24.97
2.102	10.90	24.97
2.094	10.95	24.97
2.085	10.99	24.97
2.072	11.07	24.97
2.062	11.14	24.97
2.053	11.19	24.97
2.045	11.23	24.97
2.036	11.29	24.97
2.030	11.32	24.97
2.024	11.37	24.97
2.017	11.41	24.97
2.010	11.45	24.97
2.003	11.50	24.97
1.993	11.56	24.97
1.985	11.62	24.97
1.979	11.66	24.97
1.973	11.70	24.97
1.967	11.73	24.97
1.962	11.76	24.97
1.956	11.81	24.97
1.949	11.85	24.97
1.941	11.90	24.97
1.934	11.94	24.97
1.927	12.00	24.97
1.919	12.06	24.97
1.913	12.10	24.97
1.907	12.15	24.97
1.901	12.19	24.97
1.895	12.23	24.97
1.889	12.26	24.97
1.885	12.29	24.97
1.880	12.33	24.97
1.876	12.39	24.97
1.872	12.40	24.97
1.868	12.43	24.97
1.863	12.47	24.97
1.858	12.50	24.97
1.853	12.55	24.97
1.848	12.60	24.97
1.843	12.62	24.97
1.838	12.64	24.97
1.833	12.70	24.97
1.827	12.73	24.97
1.822	12.77	24.97
1.819	12.80	24.97
1.815	12.82	24.97
1.812	12.86	24.97
1.808	12.89	24.97
1.803	12.93	24.97
1.797	12.97	24.97
1.791	13.01	24.97
1.786	13.05	24.97
1.781	13.10	24.97
1.777	13.13	24.97
1.771	13.17	24.97
1.767	13.20	24.97
1.762	13.25	24.97
1.759	13.27	24.97
1.755	13.31	24.96
1.750	13.33	24.96
1.746	13.37	24.96
1.740	13.41	24.96
1.735	13.47	24.96
1.729	13.52	24.96
1.722	13.57	24.96
1.716	13.62	24.96
1.711	13.66	24.96
1.705	13.71	24.96
1.700	13.74	24.96
1.696	13.79	24.96
1.692	13.83	24.96
1.687	13.87	24.96
1.683	13.90	24.96
1.676	13.98	24.96
1.670	14.04	24.96
1.665	14.07	24.96
1.661	14.10	24.96
1.657	14.14	24.96
1.652	14.19	24.96
1.646	14.23	24.96
1.641	14.30	24.96
1.637	14.32	24.96
1.633	14.36	24.96
1.628	14.41	24.96
1.622	14.47	24.96
1.617	14.52	24.96
1.613	14.56	24.96
1.609	14.59	24.96
1.604	14.63	24.96
1.600	14.68	24.96
1.596	14.72	24.96
1.592	14.75	24.96
1.588	14.80	24.96
1.584	14.84	24.96
1.580	14.88	24.96
1.574	14.95	24.96
1.570	14.99	24.96
1.565	15.03	24.96
1.560	15.09	24.96
1.555	15.13	24.96
1.551	15.16	24.96
1.547	15.21	24.96
1.543	15.25	24.96
1.538	15.31	24.96
1.532	15.37	24.96
1.527	15.42	24.96
1.524	15.46	24.96
1.520	15.50	24.96
1.516	15.53	24.96
1.512	15.58	24.96
1.508	15.63	24.96
1.504	15.67	24.96
1.502	15.69	24.96
1.498	15.75	24.96
1.493	15.80	24.96
1.488	15.85	24.96
1.483	15.90	24.96
1.478	15.95	24.96
1.473	16.00	24.96
1.467	16.07	24.96
1.463	16.12	24.96
1.459	16.16	24.96
1.456	16.21	24.96
1.452	16.26	24.96
1.447	16.31	24.96
1.442	16.37	24.96
1.438	16.43	24.96
1.434	16.47	24.96
1.430	16.52	24.96
1.426	16.56	24.96
1.422	16.61	24.96
1.418	16.66	24.96
1.415	16.71	24.96
1.412	16.75	24.96
1.407	16.80	24.96
1.402	16.88	24.96
1.398	16.93	24.96
1.394	16.96	24.96
1.391	17.01	24.96
1.387	17.06	24.96
1.384	17.10	24.96
1.380	17.14	24.96
1.376	17.19	24.96
1.373	17.23	24.96
1.370	17.28	24.96
1.365	17.35	24.96
1.362	17.40	24.96
1.358	17.43	24.96
1.354	17.47	24.96
1.350	17.51	24.96
1.347	17.55	24.96
1.343	17.59	24.96
1.341	17.65	24.96
1.338	17.69	24.96
1.334	17.76	24.96
1.331	17.85	24.96
1.328	17.94	24.96
1.325	18.00	24.96
1.320	18.07	24.96
1.317	18.11	24.96
1.314	18.15	24.96
1.312	18.18	24.96
1.313	18.18	24.96
1.313	18.19	24.96
1.313	18.20	24.96
1.310	18.20	24.96
1.307	18.24	24.96
1.304	18.26	24.96
1.302	18.27	24.96
1.300	18.30	24.96
1.296	18.34	24.96
1.293	18.40	24.96
1.288	18.49	24.96
1.284	18.51	24.96
1.280	18.54	24.96
1.276	18.58	24.96
1.274	18.64	24.96
1.272	18.69	24.96
1.269	18.72	24.96
1.267	18.77	24.96
1.264	18.80	24.96
1.261	18.86	24.96
1.258	18.90	24.96
1.256	18.92	24.96
1.252	18.96	24.96
1.248	18.95	24.96
1.244	18.98	24.96
1.241	19.10	24.96
1.239	19.15	24.96
1.236	19.19	24.96
1.232	19.31	24.96
1.228	19.37	24.96
1.227	19.40	24.96
1.224	19.44	24.96
1.222	19.48	24.96
1.219	19.44	24.96
1.216	19.49	24.96
1.213	19.53	24.96
1.211	19.62	24.96
1.209	19.65	24.96
1.207	19.72	24.96
1.204	19.74	24.96
1.200	19.84	24.96
1.197	19.88	24.96
1.194	19.90	24.96
1.191	19.91	24.96
1.188	19.91	24.96
1.184	20.00	24.96
1.183	20.10	24.96
1.181	20.13	24.96
1.179	20.23	24.96
1.175	20.27	24.96
1.172	20.34	24.96
1.169	20.38	24.96
1.167	20.40	24.96
1.164	20.41	24.96
1.160	20.46	24.96
1.157	20.52	24.96
1.156	20.59	24.96
1.155	20.65	24.96
1.153	20.70	24.96
1.150	20.76	24.96
1.147	20.80	24.96
1.146	20.83	24.96
1.143	20.87	24.96
1.140	20.89	24.96
1.137	20.91	24.96
1.134	20.94	24.96
1.132	20.97	24.96
1.131	21.02	24.96
1.130	21.09	24.96
1.128	21.16	24.96
1.126	21.19	24.96
1.124	21.22	24.96
1.121	21.28	24.96
1.118	21.33	24.96
1.115	21.36	24.96
1.112	21.35	24.96
1.108	21.39	24.96
1.107	21.47	24.96
1.105	21.52	24.96
1.104	21.54	24.96
1.102	21.65	24.96
1.100	21.69	24.96
1.099	21.67	24.96
1.097	21.72	24.96
1.095	21.75	24.96
1.092	21.82	24.96
1.089	21.86	24.96
1.086	21.85	24.96
1.084	21.96	24.96
1.082	22.01	24.96
1.080	22.07	24.96
1.079	22.13	24.96
1.077	22.17	24.96
1.076	22.20	24.96
1.074	22.30	24.95
1.073	22.34	24.95
1.072	22.35	24.95
1.070	22.36	24.95
1.067	22.43	24.95
1.064	22.44	24.95
1.062	22.51	24.95
1.061	22.60	24.95
1.060	22.62	24.95
1.058	22.61	24.95
1.056	22.58	24.95
1.055	22.80	24.95
1.054	22.81	24.95
1.052	22.88	24.95
1.050	22.94	24.95
1.048	22.97	24.95
1.046	23.02	24.95
1.045	23.11	24.95
1.044	23.14	24.95
1.042	23.14	24.95
1.040	23.14	24.95
1.039	23.14	24.95
1.037	23.14	24.95
1.037	23.14	24.95
1.038	23.14	24.95
1.038	23.14	24.95
