7.960
7.998
7.957
7.988
7.944
7.967
8.029
7.913
8.014
7.931
7.919
7.950
7.968
7.901
7.950
7.915
7.906
7.900
7.907
8.037
7.935
7.928
7.953
7.980
7.919
7.855
7.936
8.007
7.979
8.012
7.927
7.927
7.932
7.992
7.947
8.042
8.020
7.931
8.056
7.886
7.906
7.962
7.990
7.933
7.894
7.880
7.854
7.932
7.880
7.953
7.934
7.912
7.844
7.913
7.973
7.774
8.065
7.907
7.962
7.974
7.925
7.969
7.970
7.882
7.951
7.891
7.902
7.959
7.927
7.970
7.792
7.901
7.878
7.827
7.948
7.939
7.953
7.985
7.970
7.942
7.972
7.918
7.951
8.020
7.936
7.946
7.997
7.867
7.889
7.931
7.958
7.919
7.949
7.897
7.993
7.987
7.868
7.859
8.004
7.908