7.878
7.933
7.906
7.976
7.953
7.923
7.932
7.911
7.923
7.905
7.897
7.957
7.979
7.971
7.986
7.967
7.963
8.004
7.952
7.912
7.951
7.928
8.003
7.969
7.936
7.976
7.937
7.922
7.999
7.986
7.974
7.931
7.963
7.928
7.902
7.966
7.915
7.923
7.983
8.032
7.958
7.966
7.985
7.897
7.959
7.933
8.018
7.98
7.924
7.947
7.946
7.967
7.984
7.912
7.924
8.022
7.989
7.827
7.966
7.958
7.978
7.935
8.022
7.921
7.933
8.011
8.016
8
7.889
7.892
8.046
7.971
7.959
7.991
7.939
7.901
7.974
7.972
7.868
8.052
7.967
7.948
7.966
7.868
8.01
7.939
7.977
8.036
7.933
7.956
7.951
7.985
7.926
7.926
7.97
8.022
8.066
7.981
7.99
7.993