-4.52681e-08	2.12607e-08
2.64665e-09	2.90223e-10
-1.05844e-07	4.77451e-08
-2.18412e-07	9.69871e-08
-2.74118e-07	1.21345e-07
-2.47255e-07	1.09585e-07
-1.37311e-07	6.14727e-08
-1.60914e-07	7.17923e-08
-9.1665e-08	4.14845e-08
-1.15728e-07	5.20053e-08
-6.99725e-08	3.198e-08
-1.94398e-07	8.64103e-08
-1.99003e-07	8.84183e-08
-1.81246e-07	8.06391e-08
-2.13888e-07	9.49097e-08
-2.49202e-07	1.10353e-07
-1.9469e-07	8.64971e-08
-1.80352e-07	8.02174e-08
-1.74169e-07	7.75018e-08
-1.8026e-07	8.01602e-08
-1.54716e-07	6.89744e-08
-1.9123e-07	8.49433e-08
-2.07913e-07	9.22353e-08
-1.81776e-07	8.07872e-08
-1.88955e-07	8.39216e-08
-1.66298e-07	7.40025e-08
-1.63804e-07	7.29048e-08
-1.70366e-07	7.5766e-08
-1.27289e-07	5.69099e-08
-1.0457e-07	4.69606e-08
-1.72955e-07	7.68732e-08
-1.50826e-07	6.71822e-08
-1.29047e-07	5.76443e-08
-1.27615e-07	5.70085e-08
-9.62411e-08	4.32696e-08
-1.05608e-07	4.73584e-08
-5.5288e-08	2.53308e-08
-5.54378e-08	2.53872e-08
-6.59186e-08	2.99636e-08
-7.67276e-08	3.46837e-08
-8.78622e-08	3.95462e-08
-5.87981e-08	2.68244e-08
-6.04692e-08	2.75467e-08
-6.24588e-08	2.84083e-08
-4.56025e-08	2.10218e-08
-3.83251e-08	1.78292e-08
-5.13575e-08	2.35223e-08
-6.46974e-08	2.935e-08
-4.83421e-08	2.21858e-08
-4.22893e-08	1.95291e-08
-5.65365e-08	2.57539e-08
-5.10813e-08	2.33588e-08
-3.93109e-08	1.81951e-08
-6.47776e-09	3.81927e-09
-4.02537e-08	1.8591e-08
-6.02496e-08	2.73257e-08
-5.66252e-08	2.57318e-08
-4.32814e-08	1.98857e-08
-3.02163e-08	1.41615e-08
-2.49932e-08	1.1871e-08
-2.4913e-08	1.18252e-08
-5.31645e-09	3.24098e-09
-1.34335e-08	6.78436e-09
-1.18178e-08	6.06961e-09
-2.34089e-08	1.11304e-08
-1.54666e-08	7.64524e-09
-2.48132e-08	1.17267e-08
-1.44175e-08	7.17088e-09
-4.27771e-09	2.72698e-09
-1.43918e-08	7.14437e-09
1.17313e-08	-4.29475e-09
-8.96771e-09	4.75373e-09
-1.99142e-08	9.53546e-09
-2.48914e-08	1.17031e-08
5.77955e-09	-1.72798e-09
3.86131e-09	-8.96051e-10
3.17046e-08	-1.3085e-08
4.51279e-08	-1.89675e-08
6.81347e-08	-2.90428e-08
7.07289e-08	-3.01873e-08
5.74063e-08	-2.43656e-08
-7.11605e-10	1.05205e-09
2.0769e-08	-8.35525e-09
4.18519e-08	-1.75885e-08
8.74055e-08	-3.75256e-08
1.07802e-07	-4.64584e-08
1.42753e-07	-6.17614e-08
1.42284e-07	-6.1565e-08
1.61435e-07	-6.9953e-08
1.50212e-07	-6.50515e-08
1.2316e-07	-5.32272e-08
7.11048e-08	-3.04614e-08
2.86859e-08	-1.19115e-08
1.16349e-08	-4.45812e-09
1.85874e-08	-7.50858e-09
1.51854e-08	-6.02876e-09
3.1432e-08	-1.31454e-08
4.73307e-08	-2.01097e-08
5.28846e-08	-2.2548e-08
6.80968e-08	-2.92119e-08
6.29706e-08	-2.69775e-08
6.75091e-08	-2.89715e-08
5.81947e-08	-2.49025e-08
5.21536e-08	-2.22677e-08
6.91427e-08	-2.97108e-08
6.23699e-08	-2.67557e-08
4.52768e-08	-1.92854e-08
8.09642e-08	-3.4909e-08
8.6161e-08	-3.71925e-08
7.7969e-08	-3.36163e-08
6.66228e-08	-2.86582e-08
6.78941e-08	-2.92222e-08
6.15575e-08	-2.64595e-08
7.47528e-08	-3.22422e-08
7.49754e-08	-3.23473e-08
7.7341e-08	-3.33917e-08
7.92527e-08	-3.42375e-08
9.07154e-08	-3.9262e-08
7.95656e-08	-3.43913e-08
7.81341e-08	-3.37723e-08
7.84521e-08	-3.39207e-08
6.83384e-08	-2.95049e-08
7.77975e-08	-3.36524e-08
7.6834e-08	-3.32399e-08
8.54524e-08	-3.70194e-08
1.03657e-07	-4.4993e-08
9.14526e-08	-3.96622e-08
9.73971e-08	-4.227e-08
1.03085e-07	-4.47653e-08
7.85172e-08	-3.40237e-08
7.49528e-08	-3.24729e-08
9.21599e-08	-4.00114e-08
8.7741e-08	-3.80865e-08
9.29401e-08	-4.03696e-08
9.95845e-08	-4.32882e-08
1.04698e-07	-4.55353e-08
9.8554e-08	-4.28555e-08
9.20456e-08	-4.00161e-08
9.57597e-08	-4.16508e-08
9.84626e-08	-4.28414e-08
1.00813e-07	-4.38775e-08
1.03172e-07	-4.49193e-08
1.14759e-07	-4.99963e-08
1.06003e-07	-4.61736e-08
9.69098e-08	-4.22029e-08
9.75558e-08	-4.24947e-08
9.77252e-08	-4.2578e-08
9.75064e-08	-4.24899e-08
1.06657e-07	-4.65037e-08
1.05429e-07	-4.59758e-08
1.13748e-07	-4.96239e-08
1.02003e-07	-4.44927e-08
1.19501e-07	-5.2157e-08
1.07588e-07	-4.69509e-08
9.43554e-08	-4.11702e-08
1.00039e-07	-4.36668e-08
1.05143e-07	-4.59096e-08
1.09674e-07	-4.7902e-08
1.24537e-07	-5.44131e-08
1.2899e-07	-5.63695e-08
1.15066e-07	-5.02833e-08
9.2006e-08	-4.01983e-08
9.66834e-08	-4.22515e-08
9.10854e-08	-3.9809e-08
1.0279e-07	-4.49394e-08
9.39669e-08	-4.10885e-08
1.03245e-07	-4.51584e-08
1.11853e-07	-4.89346e-08
1.11341e-07	-4.872e-08
9.51101e-08	-4.16238e-08
8.87167e-08	-3.88318e-08
9.04989e-08	-3.96178e-08
8.37452e-08	-3.66681e-08
9.3318e-08	-4.08638e-08
1.00708e-07	-4.41057e-08
1.09522e-07	-4.79694e-08
9.79916e-08	-4.29321e-08
1.06121e-07	-4.64959e-08
1.11845e-07	-4.9009e-08
1.07116e-07	-4.69485e-08
9.41351e-08	-4.12762e-08
9.08282e-08	-3.98366e-08
9.48966e-08	-4.16247e-08
9.13867e-08	-4.01008e-08
1.01952e-07	-4.47326e-08
1.01969e-07	-4.47491e-08
1.11445e-07	-4.89038e-08
1.13048e-07	-4.96129e-08
1.06957e-07	-4.69548e-08
9.33232e-08	-4.09955e-08
7.66959e-08	-3.37275e-08
1.01215e-07	-4.44646e-08
8.50943e-08	-3.74215e-08
9.5333e-08	-4.19117e-08
1.10972e-07	-4.87625e-08
1.16129e-07	-5.10268e-08
1.13999e-07	-5.01022e-08
9.47426e-08	-4.16837e-08
8.52239e-08	-3.75254e-08
7.54449e-08	-3.32531e-08
7.54083e-08	-3.32432e-08
8.17098e-08	-3.60072e-08
8.72599e-08	-3.84454e-08
3.56647e-08	-1.58809e-08
9.71173e-08	-4.27748e-08
9.44878e-08	-4.16331e-08
9.1322e-08	-4.02567e-08
8.51602e-08	-3.75675e-08
8.1059e-08	-3.57817e-08
8.64419e-08	-3.81452e-08
7.94953e-08	-3.51171e-08
8.77031e-08	-3.87155e-08
8.5521e-08	-3.77681e-08
8.88559e-08	-3.92352e-08
9.7553e-08	-4.30492e-08
7.40891e-08	-3.27907e-08
7.02554e-08	-3.11204e-08
6.03509e-08	-2.67932e-08
7.14958e-08	-3.1677e-08
7.45758e-08	-3.30356e-08
8.0161e-08	-3.54877e-08
8.52072e-08	-3.77038e-08
7.9722e-08	-3.53123e-08
7.98094e-08	-3.53612e-08
6.78218e-08	-3.01238e-08
6.0687e-08	-2.70103e-08
7.30521e-08	-3.24282e-08
7.00845e-08	-3.11385e-08
7.16321e-08	-3.18249e-08
7.24922e-08	-3.22105e-08
8.26423e-08	-3.66619e-08
7.69734e-08	-3.41915e-08
5.10618e-08	-2.28617e-08
5.47886e-08	-2.44989e-08
5.33568e-08	-2.38783e-08
5.64123e-08	-2.52217e-08
5.32774e-08	-2.38588e-08
6.01982e-08	-2.68938e-08
5.67005e-08	-2.53706e-08
5.81995e-08	-2.60328e-08
5.84723e-08	-2.61598e-08
4.82586e-08	-2.16988e-08
1.96909e-08	-9.20492e-09
9.82136e-09	-4.89303e-09
-5.95754e-09	2.00364e-09
-3.21193e-08	1.3443e-08
-4.8659e-08	2.06726e-08
-5.69986e-08	2.43134e-08
-5.01081e-08	2.12916e-08
-3.94545e-08	1.66228e-08
-1.76357e-08	7.07059e-09
-7.91771e-09	2.8113e-09
5.38007e-09	-3.01472e-09
7.89147e-09	-4.11843e-09
-2.1773e-08	8.85393e-09
2.22108e-08	-1.03961e-08
-4.2385e-08	1.78567e-08
-3.76147e-08	1.57613e-08
-9.50186e-08	4.08696e-08
-3.75437e-08	1.5715e-08
-2.4526e-08	1.00116e-08
2.90556e-08	-1.34405e-08
2.07723e-08	-9.82439e-09
-6.53546e-08	2.78503e-08
-3.18958e-08	1.32051e-08
-4.52761e-08	1.9052e-08
1.08716e-08	-5.52018e-09
-3.04437e-08	1.25498e-08
1.38321e-09	-1.38116e-09
1.62606e-08	-7.89699e-09
5.06922e-08	-2.29679e-08
3.1414e-08	-1.45412e-08
-1.8423e-08	7.2568e-09
1.13772e-08	-5.78709e-09
2.40901e-08	-1.13556e-08
-1.03742e-08	3.7159e-09
3.78896e-08	-1.74073e-08
-1.48976e-08	5.67884e-09
1.90797e-08	-9.19322e-09
-8.12191e-09	2.6997e-09
6.20421e-09	-3.5779e-09
1.85488e-08	-8.98521e-09
-5.14651e-08	2.16419e-08
-5.76407e-09	1.64188e-09
-3.74312e-08	1.54907e-08
-2.65434e-08	1.07209e-08
-3.45637e-08	1.4222e-08
-7.04042e-08	2.98943e-08
-5.53497e-08	2.3301e-08
4.74281e-09	-2.99768e-09
1.48513e-09	-1.57953e-09
1.76862e-08	-8.67466e-09
-3.73431e-08	1.53958e-08
-5.26792e-08	2.21002e-08
1.43123e-08	-7.21482e-09
-2.38355e-08	9.46881e-09
-2.70142e-08	1.08509e-08
2.89835e-08	-1.36571e-08
-8.09072e-10	-6.30258e-10
1.12063e-08	-5.89499e-09
1.76597e-08	-8.72551e-09
-4.36616e-08	1.80972e-08
-8.49125e-08	3.61405e-08
-6.16498e-08	2.59578e-08
-3.3997e-08	1.38537e-08
-6.20915e-08	2.61389e-08
-7.83709e-08	3.32546e-08
-9.16308e-08	3.90473e-08
-9.46464e-08	4.03595e-08
-8.82677e-08	3.75618e-08
-7.24831e-08	3.06489e-08
-5.51431e-08	2.30552e-08
-1.04763e-07	4.47584e-08
-4.53045e-08	1.87401e-08
-1.1779e-07	5.04476e-08
-9.45297e-08	4.02643e-08
-7.7763e-08	3.29216e-08
-1.35653e-07	5.82412e-08
-1.06289e-07	4.53866e-08
-1.07636e-07	4.59684e-08
-1.09678e-07	4.68547e-08
-9.48995e-08	4.03805e-08
-1.28394e-07	5.50278e-08
-1.81659e-07	7.8326e-08
-1.09919e-07	4.69327e-08
-1.21597e-07	5.20343e-08
-2.2224e-07	9.60591e-08
-2.35033e-07	1.01647e-07
-2.07292e-07	8.95031e-08
-1.63601e-07	7.03816e-08
-1.80515e-07	7.77748e-08
-1.76147e-07	7.58585e-08
-1.6699e-07	7.18481e-08
-1.77706e-07	7.65333e-08
-1.71305e-07	7.37317e-08
-1.97419e-07	8.51533e-08
-1.66457e-07	7.16011e-08
-1.83718e-07	7.91446e-08
-2.07362e-07	8.94805e-08
-2.0947e-07	9.03958e-08
-1.83808e-07	7.91613e-08
-1.7741e-07	7.63553e-08
-1.77501e-07	7.63873e-08
-2.22617e-07	9.6119e-08
-2.26662e-07	9.78834e-08
-9.8731e-08	4.18991e-08
-9.33534e-08	3.95379e-08
