-1.43932e-08	5.38353e-08
-8.91421e-08	3.537e-07
-1.1014e-07	4.37949e-07
-9.91822e-08	3.94013e-07
-6.6647e-08	2.63526e-07
-1.05203e-07	4.18212e-07
-1.30128e-07	5.1822e-07
-1.26377e-07	5.03192e-07
-9.16816e-08	3.64036e-07
-6.92036e-08	2.73896e-07
-5.83886e-08	2.30547e-07
-9.82262e-08	3.90371e-07
-1.01164e-07	4.02181e-07
-1.0352e-07	4.11658e-07
-1.23396e-07	4.91415e-07
-9.13309e-08	3.6281e-07
-8.43055e-08	3.34646e-07
-4.73609e-08	1.8647e-07
-7.0956e-08	2.81146e-07
-5.17741e-08	2.04225e-07
-6.75883e-08	2.67681e-07
-5.80691e-08	2.29517e-07
-6.75376e-08	2.67524e-07
-7.80078e-08	3.0955e-07
-4.24364e-08	1.66878e-07
-3.52593e-08	1.38106e-07
-3.29498e-08	1.28862e-07
-3.89918e-08	1.53126e-07
-5.81794e-08	2.30116e-07
-2.57416e-08	1.00015e-07
-8.08435e-08	3.21073e-07
-5.91046e-08	2.33895e-07
-4.82667e-08	1.90445e-07
-1.62593e-08	6.20709e-08
-3.4645e-08	1.35848e-07
-1.38822e-08	5.25892e-08
-1.94391e-08	7.49119e-08
-1.31962e-08	4.98921e-08
-1.55288e-08	5.92753e-08
-2.15323e-09	5.65298e-09
-1.29649e-08	4.90566e-08
-1.49793e-08	5.71591e-08
-7.65498e-09	2.78007e-08
8.99535e-09	-3.89677e-08
2.3537e-08	-9.72807e-08
2.48746e-08	-1.02634e-07
-2.13924e-08	8.29798e-08
-2.99421e-08	1.17301e-07
-1.12737e-08	4.24447e-08
-8.59214e-09	3.1712e-08
1.25467e-08	-5.30636e-08
3.31337e-08	-1.35625e-07
3.15939e-09	-1.53654e-08
2.61412e-09	-1.31569e-08
-2.13853e-08	8.31411e-08
-6.5131e-09	2.35061e-08
-5.55551e-09	1.96938e-08
-1.8873e-08	7.31377e-08
3.39584e-08	-1.38769e-07
6.28773e-08	-2.54752e-07
2.08252e-08	-8.60394e-08
3.49639e-08	-1.42731e-07
1.67808e-08	-6.97804e-08
4.77507e-08	-1.93996e-07
4.48006e-08	-1.82144e-07
1.23402e-08	-5.19025e-08
-3.01289e-08	1.18484e-07
-4.21917e-08	1.66894e-07
-3.48221e-08	1.37354e-07
1.9704e-09	-1.02123e-08
2.03848e-09	-1.04644e-08
-3.0122e-08	1.1857e-07
-7.30753e-08	2.90898e-07
-7.28276e-08	2.8993e-07
-3.51973e-08	1.39003e-07
-4.02814e-09	1.39916e-08
3.49155e-08	-1.42209e-07
1.10403e-08	-4.64135e-08
1.50043e-08	-6.22952e-08
-1.14496e-08	4.38408e-08
-2.83269e-08	1.11562e-07
-2.99558e-08	1.18118e-07
-6.21033e-08	2.47095e-07
-5.91908e-08	2.35436e-07
-7.35311e-08	2.9298e-07
-4.72369e-08	1.87526e-07
-1.14929e-08	4.41663e-08
-5.49863e-09	2.01478e-08
1.57376e-08	-6.50057e-08
3.41524e-08	-1.38853e-07
2.73119e-08	-1.11389e-07
3.5058e-08	-1.42435e-07
3.18232e-08	-1.29437e-07
1.82387e-08	-7.49173e-08
1.88898e-08	-7.75044e-08
3.87319e-09	-1.72396e-08
1.80927e-08	-7.42517e-08
6.96401e-09	-2.95888e-08
2.5369e-08	-1.03397e-07
3.85296e-08	-1.56169e-07
3.07545e-08	-1.24956e-07
3.30471e-08	-1.34132e-07
3.41963e-08	-1.38717e-07
1.93059e-08	-7.89586e-08
2.91806e-08	-1.18545e-07
3.95234e-08	-1.60013e-07
2.3852e-08	-9.71254e-08
4.63462e-08	-1.8733e-07
2.9499e-08	-1.19725e-07
3.78691e-08	-1.53279e-07
2.41559e-08	-9.82434e-08
2.38734e-08	-9.70808e-08
5.27662e-08	-2.12951e-07
4.88856e-08	-1.97362e-07
4.23812e-08	-1.71242e-07
3.51504e-08	-1.42208e-07
4.95946e-08	-2.00126e-07
1.72781e-08	-7.04658e-08
2.80044e-08	-1.13464e-07
3.15516e-08	-1.27661e-07
3.41627e-08	-1.38102e-07
2.54963e-08	-1.03313e-07
2.94913e-08	-1.1932e-07
3.65068e-08	-1.47439e-07
4.30826e-08	-1.73795e-07
3.94667e-08	-1.59276e-07
5.21098e-08	-2.09972e-07
4.75621e-08	-1.91706e-07
5.56465e-08	-2.2411e-07
5.31413e-08	-2.14035e-07
4.29892e-08	-1.73281e-07
3.49548e-08	-1.41019e-07
4.0422e-08	-1.62923e-07
4.97964e-08	-2.00506e-07
4.14682e-08	-1.67074e-07
5.2632e-08	-2.11831e-07
6.08903e-08	-2.44924e-07
4.08206e-08	-1.64392e-07
5.26071e-08	-2.11643e-07
5.9081e-08	-2.3759e-07
4.51375e-08	-1.81634e-07
6.07716e-08	-2.44326e-07
5.59784e-08	-2.25075e-07
4.69509e-08	-1.88829e-07
4.91046e-08	-1.97448e-07
6.09319e-08	-2.44872e-07
5.6188e-08	-2.25815e-07
4.44215e-08	-1.78581e-07
5.49092e-08	-2.2063e-07
4.50532e-08	-1.81073e-07
4.32415e-08	-1.73788e-07
5.27461e-08	-2.11893e-07
4.48678e-08	-1.80262e-07
5.49511e-08	-2.20685e-07
5.71878e-08	-2.29624e-07
3.85937e-08	-1.55003e-07
3.57296e-08	-1.43492e-07
5.02764e-08	-2.0183e-07
5.67781e-08	-2.27888e-07
6.38751e-08	-2.5633e-07
6.1334e-08	-2.46106e-07
5.80878e-08	-2.33054e-07
5.41262e-08	-2.17131e-07
4.81791e-08	-1.93251e-07
5.18191e-08	-2.07829e-07
3.50416e-08	-1.40504e-07
5.7842e-08	-2.31941e-07
6.12407e-08	-2.45538e-07
6.27078e-08	-2.51403e-07
4.42501e-08	-1.77333e-07
4.50913e-08	-1.80683e-07
5.54496e-08	-2.22213e-07
4.5493e-08	-1.82252e-07
5.52187e-08	-2.21244e-07
4.44658e-08	-1.78085e-07
5.27339e-08	-2.11217e-07
5.05269e-08	-2.02334e-07
4.81145e-08	-1.9263e-07
3.52153e-08	-1.4086e-07
4.24235e-08	-1.69753e-07
3.86173e-08	-1.54458e-07
3.4308e-08	-1.37144e-07
3.94897e-08	-1.57903e-07
4.22629e-08	-1.6899e-07
3.83015e-08	-1.53081e-07
3.19193e-08	-1.27452e-07
3.85283e-08	-1.53949e-07
4.50031e-08	-1.79908e-07
3.88271e-08	-1.5511e-07
5.22721e-08	-2.09019e-07
5.67526e-08	-2.26973e-07
4.95055e-08	-1.97878e-07
5.18685e-08	-2.07332e-07
3.38374e-08	-1.34979e-07
3.71263e-08	-1.48152e-07
3.01583e-08	-1.2018e-07
4.29313e-08	-1.71398e-07
3.35302e-08	-1.33662e-07
3.57127e-08	-1.42396e-07
4.76291e-08	-1.90177e-07
4.92774e-08	-1.96769e-07
5.8457e-08	-2.33566e-07
3.72095e-08	-1.48309e-07
3.7901e-08	-1.51062e-07
3.58733e-08	-1.42902e-07
3.59346e-08	-1.43127e-07
3.5712e-08	-1.42212e-07
4.5203e-08	-1.80263e-07
4.44052e-08	-1.77041e-07
4.3316e-08	-1.72651e-07
4.90411e-08	-1.9559e-07
4.72873e-08	-1.88532e-07
3.52339e-08	-1.4016e-07
3.59957e-08	-1.43199e-07
4.34117e-08	-1.72925e-07
4.05209e-08	-1.61307e-07
2.73205e-08	-1.08333e-07
2.03807e-08	-8.04662e-08
2.29475e-08	-9.07344e-08
2.13689e-08	-8.43675e-08
1.65793e-08	-6.51318e-08
1.52732e-08	-5.98749e-08
-8.94177e-11	1.77362e-09
-1.57835e-08	6.47521e-08
-7.77344e-09	3.26383e-08
-4.0549e-09	1.77455e-08
-1.06762e-08	4.43298e-08
2.80647e-08	-1.11045e-07
6.62636e-08	-2.64245e-07
1.1292e-07	-4.51384e-07
1.19378e-07	-4.77272e-07
1.21011e-07	-4.83796e-07
1.12285e-07	-4.48767e-07
1.22786e-07	-4.90879e-07
1.03515e-07	-4.13551e-07
6.88209e-08	-2.74361e-07
2.89051e-08	-1.14218e-07
-1.65152e-08	6.80117e-08
-3.20502e-08	1.30348e-07
6.22009e-08	-2.4771e-07
5.62365e-08	-2.23765e-07
6.00552e-08	-2.39064e-07
5.91463e-08	-2.35405e-07
5.25999e-08	-2.09125e-07
2.01937e-08	-7.91056e-08
-2.60929e-09	1.23924e-08
-5.16769e-08	2.09255e-07
-3.94211e-08	1.60112e-07
-2.73951e-08	1.11891e-07
1.04939e-08	-4.00824e-08
8.27949e-09	-3.1186e-08
1.59613e-08	-6.19869e-08
4.97631e-08	-1.97572e-07
7.28814e-09	-2.71752e-08
-9.43601e-08	3.80609e-07
-3.36676e-08	1.37169e-07
-4.97864e-08	2.01856e-07
6.95588e-09	-2.57244e-08
-1.69865e-08	7.03529e-08
-7.68408e-09	3.30588e-08
-1.86331e-08	7.70008e-08
-6.98353e-08	2.82414e-07
-6.12927e-08	2.48168e-07
-7.03028e-08	2.8434e-07
-4.49807e-08	1.82778e-07
-3.72151e-08	1.5165e-07
-4.48578e-08	1.82344e-07
-1.77978e-08	7.38184e-08
-3.10061e-08	1.26824e-07
-8.66284e-08	3.49961e-07
-9.82357e-08	3.96553e-07
-1.52261e-07	6.13293e-07
-4.0331e-08	1.64306e-07
-3.65632e-08	1.49207e-07
-2.91932e-09	1.42635e-08
6.00102e-10	1.61157e-10
-6.00563e-09	2.66747e-08
-1.27371e-08	5.36928e-08
4.04888e-10	9.90636e-10
-3.51206e-08	1.4352e-07
-3.09342e-08	1.26751e-07
-8.30454e-09	3.59901e-08
1.29617e-08	-4.9309e-08
-4.34351e-08	1.76944e-07
-3.0127e-08	1.23584e-07
-8.08655e-09	3.51871e-08
3.82102e-09	-1.25626e-08
6.43176e-09	-2.30111e-08
-1.05588e-08	4.51768e-08
-2.86584e-08	1.17806e-07
-7.56274e-09	3.31994e-08
-5.66049e-08	2.29943e-07
-8.54282e-08	3.45589e-07
-9.45658e-08	3.82268e-07
-9.41667e-08	3.80684e-07
-5.40202e-08	2.19649e-07
-3.38337e-08	1.3869e-07
-5.38218e-08	2.18895e-07
-6.41336e-08	2.60285e-07
-6.47716e-08	2.6287e-07
-6.57387e-08	2.66775e-07
-1.37037e-07	5.52807e-07
-1.5867e-07	6.39611e-07
-1.19946e-07	4.84291e-07
-9.06405e-08	3.66744e-07
-8.21425e-08	3.32673e-07
-8.37965e-08	3.39325e-07
-9.6564e-08	3.90567e-07
-9.9678e-08	4.03085e-07
-9.19479e-08	3.72094e-07
-8.56458e-08	3.4684e-07
-7.83076e-08	3.17422e-07
-1.74107e-07	7.01746e-07
-7.72464e-08	3.1322e-07
-8.88764e-08	3.59881e-07
-9.22576e-08	3.73463e-07
-8.58011e-08	3.47581e-07
-8.14227e-08	3.30046e-07
-1.74146e-08	7.33128e-08
5.05171e-10	1.4389e-09
-3.78018e-09	1.86477e-08
4.1767e-08	-1.64041e-07
-7.52281e-08	3.053e-07
-2.515e-08	1.04455e-07
-5.03681e-08	2.05633e-07
-9.30419e-08	3.76824e-07
-1.18519e-07	4.79043e-07
3.86765e-08	-1.5152e-07
6.29371e-08	-2.48819e-07
8.39983e-08	-3.33275e-07
6.78177e-08	-2.68349e-07
2.14587e-08	-8.23658e-08
