2.54375e-08	-1.08755e-08	0.000934976
-7.05442e-08	2.89307e-08	0.000920291
-8.05044e-08	3.30627e-08	0.000918903
-7.7265e-08	3.1721e-08	0.000919556
-3.87511e-08	1.57517e-08	0.000925559
-8.35462e-08	3.43312e-08	0.00091911
-9.50915e-08	3.91217e-08	0.000917659
-6.28121e-08	2.57373e-08	0.000922542
-5.55606e-08	2.27328e-08	0.000923781
-5.71326e-08	2.33877e-08	0.000923764
-9.78972e-08	4.02955e-08	0.00091823
-1.20831e-07	4.98086e-08	0.000915254
-7.06724e-08	2.90101e-08	0.000922402
-7.367e-08	3.02563e-08	0.000922212
-5.47199e-08	2.24001e-08	0.000924944
-6.33532e-08	2.59833e-08	0.00092397
-6.92046e-08	2.84123e-08	0.000923353
-5.20626e-08	2.13057e-08	0.000925739
-4.46523e-08	1.82352e-08	0.000926844
-6.97384e-08	2.86417e-08	0.000923799
-4.65549e-08	1.90298e-08	0.000926883
-5.23067e-08	2.14175e-08	0.000926281
-5.29687e-08	2.16939e-08	0.000926294
-1.96228e-08	7.86683e-09	0.000930511
-4.11423e-08	1.67933e-08	0.000927948
-6.33763e-08	2.60165e-08	0.00092536
-5.44244e-08	2.23071e-08	0.000926596
-4.45374e-08	1.82094e-08	0.0009279
-3.3079e-08	1.34597e-08	0.00092935
-3.12619e-10	-1.26241e-10	0.000933293
-2.13482e-08	8.59994e-09	0.000930908
2.44423e-08	-1.03873e-08	0.000936273
-6.27997e-09	2.35596e-09	0.000932791
-2.10347e-08	8.47755e-09	0.000931187
-7.29199e-09	2.78043e-09	0.000932799
3.28099e-08	-1.38479e-08	0.000937343
2.62124e-08	-1.11094e-08	0.000936635
4.77432e-08	-2.00352e-08	0.000939041
1.07504e-08	-4.69195e-09	0.000935013
-5.6197e-08	2.3074e-08	0.000927803
-4.79676e-08	1.96634e-08	0.000928778
-7.46943e-09	2.87078e-09	0.000933184
9.0159e-09	-3.96346e-09	0.000934985
3.48315e-08	-1.46666e-08	0.000937747
-1.72246e-08	6.92432e-09	0.000932346
2.75616e-09	-1.35963e-09	0.000934469
-1.14698e-08	4.54231e-09	0.000933049
5.029e-08	-2.10677e-08	0.000939406
2.17677e-08	-9.23758e-09	0.000936513
2.21556e-08	-9.39629e-09	0.000936578
3.81941e-08	-1.60452e-08	0.000938214
2.51757e-08	-1.06434e-08	0.00093694
4.65514e-08	-1.95059e-08	0.000939074
3.46559e-08	-1.45709e-08	0.000937913
-5.35041e-09	2.02218e-09	0.000934052
-1.22937e-08	4.9037e-09	0.000933417
-2.37802e-08	9.66944e-09	0.000932354
3.9479e-09	-1.82729e-09	0.000935064
-4.70657e-08	1.93309e-08	0.000930248
-1.31483e-08	5.26798e-09	0.00093353
-4.81324e-08	1.97785e-08	0.000930293
-5.56932e-08	2.2916e-08	0.000929646
-7.13854e-08	2.94254e-08	0.000928238
-3.74937e-08	1.53719e-08	0.000931427
1.17252e-08	-5.03755e-09	0.000936001
1.1836e-08	-5.08132e-09	0.000936037
3.68855e-08	-1.54671e-08	0.000938342
-1.33055e-08	5.34991e-09	0.000933826
-3.44551e-08	1.41234e-08	0.000931976
-6.65831e-08	2.74497e-08	0.000929173
-6.51098e-08	2.68412e-08	0.000929377
-5.98752e-08	2.46727e-08	0.000929905
-2.54345e-08	1.03924e-08	0.00093298
-1.80256e-09	5.94473e-10	0.00093508
1.10057e-08	-4.71474e-09	0.000936219
2.8083e-08	-1.17941e-08	0.000937713
2.4089e-08	-1.01355e-08	0.000937388
1.92691e-08	-8.13353e-09	0.000937005
2.84318e-08	-1.19308e-08	0.000937798
2.1526e-08	-9.06409e-09	0.00093724
8.31903e-09	-3.58406e-09	0.00093617
2.91883e-08	-1.22358e-08	0.000937918
1.43307e-08	-6.07153e-09	0.00093672
2.48224e-08	-1.04203e-08	0.000937593
2.91979e-08	-1.22325e-08	0.000937964
2.72588e-08	-1.14257e-08	0.000937824
2.44239e-08	-1.02474e-08	0.000937614
1.63821e-08	-6.90992e-09	0.000936993
3.7549e-08	-1.56855e-08	0.000938685
2.62253e-08	-1.09865e-08	0.000937809
2.97095e-08	-1.24286e-08	0.000938098
3.41984e-08	-1.42878e-08	0.00093846
2.7972e-08	-1.17033e-08	0.000937991
1.87662e-08	-7.88269e-09	0.000937302
4.47347e-08	-1.86493e-08	0.000939299
3.60837e-08	-1.50592e-08	0.000938651
5.0316e-08	-2.09586e-08	0.000939734
4.36183e-08	-1.81782e-08	0.000939238
4.24801e-08	-1.77036e-08	0.000939161
3.73629e-08	-1.55784e-08	0.000938792
5.10918e-08	-2.12687e-08	0.000939812
4.39295e-08	-1.8296e-08	0.000939292
2.55587e-08	-1.06743e-08	0.000937969
3.59671e-08	-1.49875e-08	0.000938736
2.62038e-08	-1.0936e-08	0.000938047
4.56911e-08	-1.9015e-08	0.000939449
4.72472e-08	-1.96574e-08	0.000939565
4.51211e-08	-1.87731e-08	0.000939421
3.75286e-08	-1.56213e-08	0.000938897
3.36521e-08	-1.4011e-08	0.000938636
4.89589e-08	-2.0356e-08	0.000939706
3.58366e-08	-1.49111e-08	0.000938809
5.16911e-08	-2.1483e-08	0.000939904
3.65032e-08	-1.51814e-08	0.000938875
4.02534e-08	-1.67335e-08	0.000939139
4.09064e-08	-1.70014e-08	0.000939191
3.87169e-08	-1.60908e-08	0.000939052
3.76285e-08	-1.56364e-08	0.000938988
4.56005e-08	-1.89395e-08	0.000939524
4.26164e-08	-1.76989e-08	0.000939334
3.70994e-08	-1.54083e-08	0.00093898
3.22523e-08	-1.3395e-08	0.000938674
4.22618e-08	-1.75438e-08	0.000939329
2.69804e-08	-1.12031e-08	0.000938355
2.80893e-08	-1.16601e-08	0.000938438
2.94292e-08	-1.22125e-08	0.000938536
3.16168e-08	-1.31158e-08	0.000938719
2.97215e-08	-1.23268e-08	0.00093861
3.61669e-08	-1.49971e-08	0.000939022
4.32027e-08	-1.79115e-08	0.000939468
4.85487e-08	-2.01254e-08	0.000939804
3.29442e-08	-1.3651e-08	0.000938851
2.6373e-08	-1.09228e-08	0.00093846
3.8361e-08	-1.58918e-08	0.000939198
3.97464e-08	-1.64638e-08	0.000939288
5.05211e-08	-2.09296e-08	0.000939942
4.06481e-08	-1.68323e-08	0.000939354
3.99544e-08	-1.65417e-08	0.000939319
3.84272e-08	-1.59054e-08	0.000939235
3.63969e-08	-1.50608e-08	0.000939121
4.4545e-08	-1.84379e-08	0.000939605
4.08766e-08	-1.69136e-08	0.000939396
4.63281e-08	-1.91713e-08	0.000939719
4.08855e-08	-1.69111e-08	0.000939409
3.45345e-08	-1.42741e-08	0.000939049
2.72606e-08	-1.12544e-08	0.000938641
3.01271e-08	-1.24404e-08	0.000938813
4.34336e-08	-1.79562e-08	0.000939576
3.49396e-08	-1.44309e-08	0.000939101
3.70644e-08	-1.53096e-08	0.000939226
3.71736e-08	-1.53519e-08	0.000939239
2.65151e-08	-1.09288e-08	0.000938651
2.84257e-08	-1.17191e-08	0.000938764
4.99349e-08	-2.06369e-08	0.000939961
4.10385e-08	-1.69454e-08	0.000939473
3.7894e-08	-1.56383e-08	0.000939305
3.80067e-08	-1.56828e-08	0.000939316
3.76991e-08	-1.55531e-08	0.000939304
4.91475e-08	-2.0299e-08	0.00093993
3.80722e-08	-1.57038e-08	0.000939332
4.65641e-08	-1.92232e-08	0.000939795
3.97167e-08	-1.63804e-08	0.000939431
4.1999e-08	-1.73237e-08	0.000939559
2.61097e-08	-1.07315e-08	0.000938717
1.95629e-08	-8.01375e-09	0.000938379
4.52654e-08	-1.86704e-08	0.000939744
2.74907e-08	-1.12963e-08	0.000938813
4.52625e-08	-1.86645e-08	0.00093975
3.31254e-08	-1.36278e-08	0.000939121
6.00495e-08	-2.47914e-08	0.000940526
2.98472e-08	-1.22634e-08	0.000938962
2.89305e-08	-1.18803e-08	0.000938922
3.09471e-08	-1.27141e-08	0.000939032
2.61946e-08	-1.07412e-08	0.000938793
4.11137e-08	-1.69263e-08	0.00093956
4.17963e-08	-1.72068e-08	0.000939599
4.19555e-08	-1.72703e-08	0.00093961
2.57018e-08	-1.05277e-08	0.000938792
1.49034e-08	-6.04703e-09	0.000938256
-1.07685e-08	4.60239e-09	0.00093698
-8.32078e-09	3.58941e-09	0.000937114
3.77304e-09	-1.42386e-09	0.000937726
1.55097e-08	-6.28899e-09	0.000938318
4.68858e-08	-1.92987e-08	0.000939877
8.78982e-08	-3.63046e-08	0.000941903
1.18543e-07	-4.90112e-08	0.000943406
1.28815e-07	-5.32675e-08	0.000943895
1.28527e-07	-5.31458e-08	0.000943871
1.27859e-07	-5.28668e-08	0.000943828
6.61382e-08	-2.72674e-08	0.000940825
3.4506e-08	-1.41472e-08	0.000939298
-1.30862e-08	5.59241e-09	0.000937015
5.43939e-08	-2.23897e-08	0.00094026
4.56799e-08	-1.87731e-08	0.000939845
4.22527e-08	-1.73495e-08	0.000939684
3.84161e-08	-1.57561e-08	0.000939505
1.02674e-08	-4.0809e-09	0.000938177
-1.19618e-08	5.13884e-09	0.000937131
3.57044e-08	-1.46274e-08	0.000939384
1.70064e-08	-6.87147e-09	0.000938507
1.44087e-08	-5.79302e-09	0.000938389
-4.02497e-09	1.85513e-09	0.000937538
-3.67951e-08	1.54481e-08	0.000936026
-8.02487e-08	3.34716e-08	0.000934031
-7.75094e-08	3.2338e-08	0.000934179
-8.24816e-09	3.61687e-09	0.000937386
-1.92405e-08	8.1773e-09	0.000936889
1.52039e-08	-6.10387e-09	0.000938481
-1.07006e-09	6.4819e-10	0.000937748
-3.80715e-08	1.59961e-08	0.00093608
-6.58096e-08	2.75024e-08	0.000934846
-4.65367e-08	1.95124e-08	0.000935764
-1.98984e-08	8.46731e-09	0.000936973
-3.1473e-08	1.327e-08	0.000936467
-1.16324e-08	5.04523e-09	0.000937369
-4.2569e-08	1.78781e-08	0.00093601
-7.75083e-08	3.23697e-08	0.000934475
-1.4971e-07	6.23153e-08	0.000931318
-7.54155e-08	3.15072e-08	0.000934609
-1.41306e-09	8.19967e-10	0.00093787
-1.65342e-08	7.09352e-09	0.000937219
-2.21834e-08	9.43903e-09	0.000936985
-1.83663e-08	7.85883e-09	0.000937164
-9.50885e-08	3.96788e-08	0.000933858
-7.29876e-08	3.05155e-08	0.000934829
-3.17585e-08	1.3419e-08	0.000936614
-2.97154e-08	1.25746e-08	0.000936716
1.45082e-09	-3.48123e-10	0.00093806
2.51288e-09	-7.85691e-10	0.000938115
-1.6994e-08	7.30681e-09	0.000937295
-5.70759e-08	2.39319e-08	0.00093561
-5.75186e-08	2.41177e-08	0.000935605
-6.82909e-08	2.85873e-08	0.000935165
-4.93956e-08	2.07535e-08	0.000935974
-6.13903e-08	2.57308e-08	0.000935489
-5.39874e-08	2.26638e-08	0.000935816
-3.55139e-08	1.50042e-08	0.000936593
-9.00018e-08	3.76045e-08	0.000934356
-1.13159e-07	4.72103e-08	0.000933417
-7.66691e-08	3.20799e-08	0.000934939
-9.05339e-08	3.78321e-08	0.000934386
-1.07773e-07	4.4985e-08	0.00093371
-8.09499e-08	3.3863e-08	0.000934818
-7.77921e-08	3.25566e-08	0.000934968
-8.33543e-08	3.48657e-08	0.000934758
-1.11351e-07	4.64791e-08	0.00093365
-8.55994e-08	3.58016e-08	0.000934701
-6.00167e-08	2.51939e-08	0.000935741
-6.93603e-08	2.9072e-08	0.000935385
-4.68172e-08	1.97257e-08	0.000936301
5.33698e-09	-1.90048e-09	0.000938391
1.42653e-08	-5.59979e-09	0.000938754
-2.75116e-08	1.17287e-08	0.00093711
-3.36672e-08	1.42831e-08	0.000936874
-1.23237e-07	5.14309e-08	0.000933361
-1.06631e-07	4.45477e-08	0.00093404
7.63974e-08	-3.13537e-08	0.000941211
7.19013e-08	-2.94856e-08	0.000941034
