7.55682e-08	-3.12e-08
3.70675e-08	-1.54273e-08
9.88348e-09	-4.29051e-09
-3.53206e-08	1.42275e-08
2.22858e-08	-9.36801e-09
-9.65334e-09	3.71674e-09
-2.45224e-08	9.80919e-09
-2.14078e-08	8.5346e-09
-7.85224e-09	2.98337e-09
-2.51805e-09	8.00041e-10
4.14069e-09	-1.92564e-09
-2.19248e-08	8.75296e-09
-6.084e-08	2.46952e-08
-3.66335e-08	1.47813e-08
-2.96716e-08	1.19314e-08
-2.46193e-11	-2.11179e-10
-7.29458e-09	2.76829e-09
-3.8869e-09	1.37416e-09
-1.38696e-08	5.46519e-09
-3.21441e-08	1.29524e-08
-1.13564e-08	4.43879e-09
-2.3777e-08	9.52822e-09
-1.83263e-09	5.41014e-10
-1.25326e-08	4.92532e-09
7.81895e-10	-5.27415e-10
-3.31613e-08	1.33783e-08
1.81688e-09	-9.47993e-10
-1.43112e-08	5.66024e-09
-4.15364e-08	1.68139e-08
-3.21472e-08	1.29694e-08
-1.40463e-08	5.55669e-09
-6.20338e-09	2.3454e-09
3.56356e-08	-1.47914e-08
-4.18878e-09	1.52352e-09
2.86269e-10	-3.07867e-10
5.76658e-08	-2.38107e-08
1.43719e-08	-6.07495e-09
6.07037e-09	-2.67262e-09
2.53868e-08	-1.05835e-08
-5.55557e-09	2.09234e-09
2.31063e-08	-9.64723e-09
2.93662e-08	-1.22101e-08
1.19065e-08	-5.0566e-09
5.44127e-08	-2.24665e-08
2.52745e-08	-1.05292e-08
-4.05761e-08	1.6447e-08
-2.7741e-08	1.11914e-08
3.17296e-09	-1.47075e-09
3.74527e-09	-1.70415e-09
3.39734e-08	-1.40851e-08
1.02773e-08	-4.37711e-09
-4.05555e-09	1.49541e-09
-9.03637e-09	3.53713e-09
-7.68534e-09	2.98499e-09
3.60871e-08	-1.49439e-08
-7.98504e-09	3.1109e-09
3.34267e-08	-1.38506e-08
4.75229e-08	-1.96231e-08
1.44363e-08	-6.06831e-09
2.05133e-08	-8.55591e-09
1.34025e-08	-5.64164e-09
9.48927e-09	-4.03727e-09
-2.67827e-08	1.08224e-08
-2.20353e-08	8.87924e-09
-3.38974e-08	1.37396e-08
-7.63037e-08	3.11117e-08
-2.74599e-08	1.11056e-08
-1.93655e-08	7.79157e-09
-4.62399e-08	1.88018e-08
-7.40001e-08	3.01749e-08
-8.56401e-08	3.49451e-08
-8.10128e-08	3.30513e-08
2.05215e-08	-8.53858e-09
-1.62974e-08	6.54517e-09
-2.39725e-08	9.6909e-09
-5.41548e-08	2.20557e-08
-6.55668e-08	2.67314e-08
-6.73012e-08	2.7443e-08
-9.40555e-08	3.84035e-08
-8.64831e-08	3.53027e-08
-9.3574e-08	3.82088e-08
-6.61042e-08	2.69581e-08
-3.4251e-08	1.3912e-08
-3.32497e-08	1.35037e-08
-3.06494e-09	1.14046e-09
1.16197e-08	-4.87334e-09
6.46908e-10	-3.76967e-10
-1.33144e-09	4.35305e-10
-3.76265e-09	1.43283e-09
-6.31587e-09	2.48008e-09
-1.46864e-08	5.91042e-09
-2.36546e-08	9.58555e-09
-8.67579e-09	3.45154e-09
-8.92339e-09	3.55454e-09
2.02327e-10	-1.81999e-10
-1.25614e-08	5.04828e-09
-1.05314e-08	4.21851e-09
-1.92864e-08	7.80659e-09
-2.88401e-08	1.17219e-08
-1.15379e-08	4.63581e-09
-1.06345e-08	4.26731e-09
-8.32919e-09	3.32423e-09
-1.2435e-08	5.00751e-09
-7.02274e-09	2.79193e-09
1.82843e-10	-1.58552e-10
-7.66985e-09	3.0599e-09
-1.62719e-08	6.58534e-09
-5.63585e-09	2.23034e-09
-3.79639e-09	1.47784e-09
4.96075e-09	-2.10797e-09
1.32994e-08	-5.52234e-09
1.12143e-08	-4.66688e-09
8.70036e-09	-3.63572e-09
1.23946e-08	-5.14778e-09
2.36437e-09	-1.03754e-09
-4.99701e-09	1.97964e-09
1.06058e-08	-4.41025e-09
2.63281e-09	-1.14306e-09
7.37238e-09	-3.08306e-09
8.63513e-09	-3.59904e-09
-4.65051e-10	1.29926e-10
7.15713e-09	-2.99121e-09
1.30791e-08	-5.41534e-09
1.11521e-08	-4.6241e-09
-4.24848e-09	1.68611e-09
9.71008e-09	-4.02996e-09
4.60959e-10	-2.39718e-10
-9.30875e-09	3.76378e-09
3.94061e-10	-2.09168e-10
-1.04376e-08	4.22937e-09
3.58358e-09	-1.51288e-09
9.55249e-09	-3.95649e-09
-2.71652e-09	1.07086e-09
1.44535e-08	-5.96079e-09
9.01109e-09	-3.72998e-09
1.13861e-09	-5.03951e-10
-7.06083e-09	2.85602e-09
-1.84117e-09	7.19609e-10
9.87943e-10	-4.37775e-10
1.16174e-08	-4.79058e-09
8.51362e-09	-3.51833e-09
-1.4297e-09	5.56028e-10
-1.01376e-08	4.12454e-09
1.91595e-08	-7.87501e-09
2.95554e-08	-1.21319e-08
-1.92455e-09	7.64513e-10
7.55432e-09	-3.1167e-09
2.65307e-08	-1.08883e-08
3.8199e-09	-1.584e-09
1.84617e-09	-7.73885e-10
-2.16884e-08	8.86792e-09
1.53654e-08	-6.30868e-09
1.00779e-08	-4.14158e-09
5.37032e-09	-2.21179e-09
3.02632e-08	-1.24071e-08
5.46064e-09	-2.24565e-09
1.94726e-08	-7.98386e-09
1.30709e-08	-5.36007e-09
7.21707e-09	-2.9602e-09
2.9832e-08	-1.22224e-08
3.16834e-08	-1.29795e-08
1.32338e-08	-5.42079e-09
2.42556e-08	-9.93458e-09
2.52572e-08	-1.03436e-08
2.60511e-08	-1.06672e-08
3.6395e-08	-1.49028e-08
1.62839e-08	-6.66316e-09
1.5572e-08	-6.36971e-09
1.46752e-08	-6.00103e-09
2.34514e-08	-9.59463e-09
1.18972e-08	-4.8604e-09
9.59181e-09	-3.91441e-09
1.68006e-08	-6.86567e-09
2.40993e-08	-9.85405e-09
1.04026e-08	-4.24182e-09
1.69386e-08	-6.91774e-09
2.39139e-08	-9.77391e-09
1.98135e-08	-8.09282e-09
1.71813e-08	-7.01377e-09
2.44193e-08	-9.97779e-09
2.05333e-08	-8.38484e-09
1.74654e-08	-7.12726e-09
3.53465e-08	-1.44513e-08
3.09313e-08	-1.26415e-08
2.50769e-08	-1.02419e-08
3.01228e-08	-1.23077e-08
3.35886e-08	-1.37259e-08
2.66714e-08	-1.08909e-08
3.23356e-08	-1.32102e-08
2.63364e-08	-1.07516e-08
3.0086e-08	-1.22863e-08
2.19167e-08	-8.93842e-09
2.50935e-08	-1.02385e-08
1.80124e-08	-7.33667e-09
2.8795e-08	-1.17519e-08
3.30676e-08	-1.35012e-08
2.31911e-08	-9.45393e-09
3.49894e-08	-1.42856e-08
2.65183e-08	-1.08143e-08
1.77754e-08	-7.23171e-09
1.87585e-08	-7.63312e-09
7.09845e-09	-2.85525e-09
1.98933e-08	-8.09537e-09
2.00403e-08	-8.15428e-09
1.24646e-08	-5.05011e-09
2.47285e-08	-1.00727e-08
2.14756e-08	-8.7386e-09
3.05471e-08	-1.24532e-08
1.93258e-08	-7.85531e-09
2.07163e-08	-8.42387e-09
8.9767e-09	-3.61367e-09
1.99755e-08	-8.11804e-09
1.45958e-08	-5.91266e-09
2.51396e-08	-1.02306e-08
2.22625e-08	-9.05073e-09
3.24016e-08	-1.32029e-08
1.55766e-08	-6.3092e-09
3.52455e-08	-1.43651e-08
3.4736e-08	-1.41553e-08
2.76299e-08	-1.12438e-08
6.82037e-09	-2.71853e-09
2.58292e-08	-1.0504e-08
2.84002e-08	-1.15564e-08
2.71035e-08	-1.10242e-08
2.56219e-08	-1.04162e-08
3.39542e-08	-1.38282e-08
2.40909e-08	-9.7861e-09
2.37011e-08	-9.62459e-09
2.70062e-08	-1.0977e-08
9.9674e-09	-3.99592e-09
-7.41837e-09	3.12726e-09
-2.96434e-08	1.22331e-08
-3.32437e-08	1.3709e-08
-2.70446e-08	1.11709e-08
-3.10475e-08	1.28117e-08
-2.52537e-08	1.04396e-08
2.54857e-08	-1.03431e-08
6.58576e-08	-2.68789e-08
9.59047e-08	-3.91862e-08
1.15859e-07	-4.73591e-08
1.35719e-07	-5.54936e-08
1.45719e-07	-5.95899e-08
1.65719e-07	-6.77824e-08
1.55485e-07	-6.35896e-08
1.24734e-07	-5.09915e-08
1.2892e-07	-5.27051e-08
1.0289e-07	-4.20414e-08
9.6643e-08	-3.94811e-08
6.01764e-08	-2.45422e-08
4.90761e-08	-1.99944e-08
2.08932e-08	-8.44785e-09
3.78983e-08	-1.54119e-08
4.45006e-08	-1.81147e-08
4.26494e-08	-1.73556e-08
5.4681e-08	-2.22828e-08
-1.96374e-08	8.16167e-09
-1.95223e-09	9.18182e-10
9.37964e-09	-3.72238e-09
4.74868e-10	-7.34646e-11
3.13317e-08	-1.2712e-08
5.43374e-09	-2.10174e-09
5.72759e-09	-2.2208e-09
-4.22281e-09	1.85646e-09
-2.76597e-08	1.14577e-08
1.97882e-09	-6.81699e-10
-3.17338e-08	1.31288e-08
-5.55577e-08	2.28886e-08
-6.65033e-08	2.73735e-08
-1.06078e-08	4.47812e-09
5.17451e-09	-1.98584e-09
2.08431e-08	-8.4032e-09
1.45129e-08	-5.80795e-09
2.97788e-08	-1.20603e-08
-3.92196e-11	1.55744e-10
-4.03274e-08	1.66607e-08
-7.10904e-08	2.92639e-08
-4.66516e-08	1.9254e-08
-4.02195e-08	1.66207e-08
-2.40607e-08	1.0003e-08
-4.62778e-08	1.91056e-08
1.01049e-09	-2.63004e-10
-2.2201e-08	9.24695e-09
-6.74406e-08	2.77798e-08
-7.44259e-08	3.06421e-08
-1.40144e-07	5.75634e-08
-4.745e-08	1.95945e-08
-1.61517e-08	6.77434e-09
1.75483e-08	-7.02858e-09
2.09537e-08	-8.42205e-09
-4.03136e-09	1.81499e-09
-1.14227e-08	4.84418e-09
-1.98518e-08	8.29799e-09
-5.77497e-08	2.38235e-08
-8.59547e-08	3.53785e-08
-4.49299e-08	1.85747e-08
-4.04342e-09	1.82753e-09
-2.9747e-09	1.3913e-09
7.7786e-09	-3.01199e-09
8.28796e-09	-3.21855e-09
-1.17046e-08	4.97253e-09
-3.20212e-08	1.32963e-08
-5.24136e-08	2.16506e-08
-8.3276e-08	3.42943e-08
-6.40348e-08	2.64137e-08
-4.54505e-08	1.88027e-08
-1.65806e-08	6.97785e-09
-3.85572e-08	1.59817e-08
-4.08741e-08	1.69324e-08
-3.2609e-08	1.35479e-08
-3.44973e-08	1.43224e-08
-6.76189e-08	2.78916e-08
-9.98941e-08	4.11135e-08
-8.23256e-08	3.39181e-08
-3.36002e-08	1.39594e-08
-5.76609e-08	2.3817e-08
-4.20792e-08	1.7436e-08
-8.85315e-08	3.64664e-08
-6.20003e-08	2.55996e-08
-5.75093e-08	2.37617e-08
-6.33881e-08	2.61716e-08
-1.2964e-07	5.33118e-08
-8.40163e-08	3.46243e-08
-6.8561e-08	2.82946e-08
-4.32746e-08	1.79378e-08
-4.06642e-08	1.68702e-08
1.5604e-09	-4.24315e-10
1.33959e-08	-5.27065e-09
2.7735e-08	-1.11431e-08
8.91439e-09	-3.43192e-09
1.2813e-08	-5.02768e-09
3.65336e-08	-1.47431e-08
7.51605e-11	1.92504e-10
-1.0995e-07	4.52638e-08
8.96152e-08	-3.64818e-08
1.08769e-07	-4.43257e-08
1.83601e-09	-5.18871e-10
